0	q0	0.009646843222123686	9.471934815818104E-5	0.10834170553216581	0.05373709695745428	0.002538473393727748	0.29743725200863286	0.07727399491457622	7.133082565776486E-4	0.15264683933101406	0.29756976703556953
1	q1	0.0011171796465470904	5.19858352787937E-5	9.7872939471607E-4	0.008606103320978858	0.001393217566125461	0.2259066867215008	0.7609240418100446	3.914926174061338E-4	2.3078652390258803E-4	3.9977656349958544E-4
2	q2	0.13177882837178087	3.8428877609032074E-4	0.007234946196439886	0.0018576690870943967	0.41174032450904696	0.4347391048040347	0.0047096160725747125	0.002893984832302388	0.001706016077899654	0.002955221272736179
3	q3	0.008511922872820833	0.7958923834958467	0.1397771204265567	2.2583046895220153E-4	0.023775938200809105	2.9389819605045263E-4	5.725318969041594E-4	3.5181182502295506E-4	0.02648531749320744	0.004113245123829331
4	q4	8.992910894687337E-4	4.1846804665034635E-5	0.02096382462380644	2.022893205750082E-4	0.004484155630979306	0.6492573238314343	5.12849700793813E-4	3.151380563674531E-4	0.0775270365080112	0.24579624443389855
5	q5	0.004153781050061718	1.9328832038794326E-4	0.003639009738026609	9.34364363524079E-4	0.06730802251681536	0.6224950519410627	0.0023688273948601454	0.0014556070909873277	0.2959656399873798	0.0014864075968943798
6	q6	0.09850593173156687	0.04382146927825961	0.010790835820532065	5.259287298236826E-4	0.002915749144054996	0.06188219072113477	0.027560953103826807	0.7526772884409599	4.8299391702315216E-4	8.36659112818131E-4
7	q7	0.006309893707843363	2.936189322249842E-4	0.005527918870065059	0.001419367016984695	0.22021672803238498	0.0018471794694523988	0.7586126656558334	0.0022111724026418417	0.0013034953147677134	0.0022579605978016257
8	q8	0.08980586135605509	3.4203986409029404E-4	0.061409797740742886	0.001653435961723661	0.009166649807782421	0.0021517993063123026	0.8287458189169908	0.002575818603891339	0.0015184557648478033	0.0026303226775633327
9	q9	0.19536985985886135	1.408019416166756E-4	0.0026508566872936483	6.806428670784082E-4	0.06034525356803147	0.7363187951268628	0.0017255853632627712	0.001060345002898587	6.250777830187773E-4	0.0010827818010754487
10	q10	0.007558201472893022	3.517065657149802E-4	0.260978762445907	0.0017001652286177948	0.009425716887070078	0.0022126132757765067	0.004310307762753953	0.17222010720845607	0.5385377585188565	0.002704660633954106
11	q11	0.14407385521345897	0.6275770235206908	0.12606961763272898	0.0707550284524119	0.0058120218067715815	0.0013643266356117693	0.0026577928247970037	0.01905984280888514	9.627615544362606E-4	0.0016677295502076377
12	q12	0.009293176652262142	9.124680629227822E-5	0.3170057440657277	4.4109113222035934E-4	0.0024454094600478093	0.07389679756045067	0.1184346778416389	6.87157392657814E-4	0.4770030015117718	7.016975769305326E-4
13	q13	0.00812020306672481	3.0927081054502645E-5	5.822594396815583E-4	1.495028895028387E-4	0.038106732533001474	0.17167285147979688	0.01031979427340774	0.06733310347562743	1.3729804460665913E-4	0.703547327716596
14	q14	0.012506679474570775	5.819746010046031E-4	0.10448765272724937	0.002813291183675498	0.8573750385545356	0.0036612473404634936	0.007132336683383479	0.0043827084548956645	0.0025836248363645528	0.004475446143857003
15	q15	0.009894063347888931	2.337515279186573E-5	0.08308729999322761	0.7608430856220902	0.004383144625096859	1.47054898692167E-4	2.864720547070731E-4	0.0076894161575136325	1.037719261332555E-4	0.1335423162218585
16	q16	0.05538489071496606	6.712870419035075E-5	0.001263821878939725	3.245031507290479E-4	0.02877019045013178	0.1568549518299649	8.226897163181353E-4	0.7125437530677341	0.016480698843944007	0.02748737164308182
17	q17	0.05951688669543329	1.600824333046425E-5	0.014451418480436868	0.0013637512645808148	4.2902005308187235E-4	1.0070910005004003E-4	1.961875671984799E-4	1.2055416726321684E-4	7.10671822855505E-5	0.9237343972463395
18	q18	0.0019466277581965806	9.05826294808615E-5	0.03809990908656591	4.378804718844359E-4	0.009706514303944192	0.7066236227486626	0.008389031906625362	6.82155639450858E-4	4.021335825755575E-4	0.23362154187261355
19	q19	0.015573638080733745	1.5291270040291866E-4	0.002878864096482035	7.391868153231335E-4	0.004098052077888429	0.4064505498011051	0.0018740076638333195	0.5663780315221484	6.788424269282291E-4	0.0011759148151546063
20	q20	0.38645084813847497	1.9033208688660512E-4	0.0035833531806223205	9.200737988983301E-4	0.09686743283263728	0.0011973939167027976	0.0023325975446057794	0.0014333444191480492	0.5055609502329617	0.0014636738490623159
21	q21	0.002991992226185777	1.392266816770805E-4	0.0026211995085846373	6.730279902566188E-4	0.24986223896069473	0.06800251442509082	0.6729725656607061	0.001048482105370062	6.180845556568915E-4	0.0010706678857773178
22	q22	0.26571306299636216	1.1697832644386505E-4	0.0022023331167289376	5.654784485397791E-4	0.003135012804613593	0.5835341253885877	0.0014336172187173978	0.07608070365388714	0.05691914130258793	0.010299546743531424
23	q23	0.03634680964326567	1.9948511667792427E-4	0.5808331371316704	9.643199532345975E-4	0.021376119787595203	0.001254976336833853	0.0024447716670366157	0.049592062086914655	8.855965553213023E-4	0.30610272172144976
24	q24	0.18627350809399093	2.803878795170744E-4	0.005278819858020302	0.0013554075179452961	0.007514379964790323	0.5875697817917301	0.0034362681038032435	0.0021115325790653007	0.2040237018059864	0.0021562124051510063
25	q25	0.18470260343886136	0.17533019397387323	3.5105984258528375E-4	0.1769000758034327	0.001998121641359072	0.10650294801604898	0.3538483967538252	1.4042424533470635E-4	8.278067583282435E-5	1.4339560884667665E-4
26	q26	0.06526794684624818	1.9033208688660512E-4	0.0035833531806223205	9.200737988983301E-4	0.020395313477345203	0.12355278488517014	0.0023325975446057794	0.7661545379720689	8.449624880338026E-4	0.016758097720120733
27	q27	0.1622173719026781	0.14761464921759604	0.12435266777556821	2.064547476855636E-4	0.018304113217092015	0.5459416725553683	5.234100113492813E-4	3.2162720072677673E-4	1.89600570606034E-4	3.2843280132957017E-4
28	q28	0.08280352036810448	4.5445721602789047E-4	0.22766759498348257	0.002196866456030893	0.2678096267207377	0.36804502269512296	0.005569558993311491	0.00342240620060673	0.002017522669147312	0.04001342369742798
29	q29	0.00972083155313778	0.728716330855809	0.208878669057241	4.6138933502928837E-4	0.002557942706683396	6.004570325305692E-4	0.0011697275058644915	7.187791122956847E-4	0.04644188443229722	7.339884091115669E-4
30	q30	0.006025557355288915	2.803878795170744E-4	0.050340807542695806	0.0013554075179452961	0.4130722691268699	0.47491481258004137	0.025967261946140997	0.0021115325790653007	0.023775751067284374	0.0021562124051510063
31	q31	0.3479395855299835	3.8428877609032074E-4	0.007234946196439886	0.0018576690870943967	0.041179026523556705	0.34209878030766216	0.0047096160725747125	0.002893984832302388	0.001706016077899654	0.24999608659639633
32	q32	6.850553115040518E-4	3.1877749197081536E-5	6.00157523857223E-4	1.540984617142404E-4	0.021347001507819898	0.8301540674975634	3.9067485005285404E-4	2.4006353660095157E-4	0.038565292623410616	0.10783171093827969
33	q33	0.05108754503996442	2.803878795170744E-4	0.005278819858020302	0.0013554075179452961	0.23282431838816786	0.0017639418909485493	0.0034362681038032435	0.0021115325790653007	0.5645196032833905	0.1373421754591775
34	q34	0.003132159776837772	0.2812311398271439	0.5180672126330426	7.045577128571238E-4	0.0039060683163082035	0.1883071794455603	0.0017862149677682485	0.0010976009390775675	6.470403121271203E-4	0.0011208260692771696
35	q35	0.2576125392555771	2.2469841489168956E-4	0.004230362798273899	0.34414986671627845	0.1324137817479209	0.23614136563569063	0.002753770945439322	0.01974813117939593	9.97528765694921E-4	0.001727954540837151
36	q36	0.01053582834154884	4.902647827341325E-4	0.009230140315774057	0.002369961830897169	0.6434746073401416	0.0030842937626655255	0.3211761642393883	0.003692064232214618	0.0021764871987201336	0.00377018795591564
37	q37	0.33564631374939	2.060924102840682E-4	0.003880070386311249	9.962599052841083E-4	0.005523265418609662	0.26627044078189693	0.002525746751659961	0.01811290015254216	9.14929051675127E-4	0.3659239813923467
38	q38	0.0014663302413012393	6.823289577840239E-5	0.0012846103256161836	3.2984086212468623E-4	0.07310709132808056	0.12105433345935554	0.017285095902237445	5.138452583906725E-4	3.0291391391625374E-4	0.784587705813199
39	q39	0.00910156791502443	4.2352419494179344E-4	0.926862730809587	0.002047334852150337	0.04538335528378027	0.002664423549886705	0.00519046217252343	0.0031894571804682525	0.0018801982542950618	0.0032569457873427004
40	q40	0.3678163051145309	2.375669276456555E-4	0.19537314861430202	0.0011484091263170286	0.006366780776943666	0.42147567899697197	0.0029114798307021228	0.001789058458219495	0.001054657391413	0.0018269147629542256
41	q41	0.025155835367097104	2.469973102580815E-4	0.06419371253409817	0.0011939960165634894	0.04631520240791031	0.31911938233780973	0.12211411669052884	0.0018600763643910625	0.0010965227420517154	0.4187041582292916
42	q42	0.24765174825997815	3.7277737056561956E-4	0.007018222719725491	0.001802022439253662	0.3095413302527887	0.2719409965875027	0.09443381417281406	0.0028072952512901723	0.06156509559754574	0.0028666973485357646
43	q43	0.05376303468605361	0.9394580287863028	0.002705652205035133	5.032483443455909E-5	0.001115552660251058	6.549327965122853E-5	9.641367196630189E-4	7.839895089686786E-5	4.621650715913176E-5	0.0017531613705526951
44	q44	0.3310651156103402	1.4574911271325982E-4	0.014455887603021078	0.012416448992625066	0.0039060683163082035	0.35227365736231153	0.2828716056821989	0.0010976009390775675	6.470403121271203E-4	0.0011208260692771696
45	q45	0.0029265099767749082	1.3617958943718905E-4	0.002563832367562484	6.582982104354117E-4	0.33193713676433817	0.5698884370212666	0.001668936547392869	0.0010255351985814037	6.045572588022045E-4	0.08859057706540888
46	q46	0.06370424410258489	0.2542346409415537	0.612240976335192	6.114601070180804E-4	0.013554261165199049	7.957607458516445E-4	0.0015501912411401786	0.02128122012530456	5.615428392570761E-4	0.03146570239689883
47	q47	0.15491310254274154	6.369296008938172E-5	0.001199137648585299	0.6042489490433725	0.001706967876137079	0.18465390039791565	7.805832676109931E-4	0.05166110140343991	2.8275927042940017E-4	4.898055896783145E-4
48	q48	0.5429028354830456	2.5720733224133944E-4	0.004842403228707776	0.0012433517183089776	0.006893142554950536	0.12562782586134233	0.003152181019263412	0.0019369655440794067	0.3111661357095494	0.001977951548511212
49	q49	0.01867995054160411	1.0252267392662816E-4	0.0019301787507839414	4.955991793915755E-4	0.07689288844614922	0.4208016007129516	0.03420991788452118	7.720731953956709E-4	4.551403552493625E-4	0.44566012826002677
50	q50	0.006790546119287839	3.159851802719622E-4	0.005949004811950809	0.0015274864578225691	0.3893404207075293	0.48442579828670207	0.003872527578985242	0.0023796071491936225	0.0014027882974008256	0.10399583541085583
51	q51	0.3288354319945737	0.5200494578471772	8.828418099940468E-4	2.2668142854018975E-4	0.0012567219544382066	0.09449836889436158	0.05332857269432178	3.531374993088916E-4	2.081760224883228E-4	3.606098547960358E-4
52	q52	0.24103309417509874	0.010959171977466622	0.0025360802500922087	6.511724835362523E-4	0.0036101005779614224	0.18486337266914268	0.0016508711997127018	0.0010144343272213967	0.37945433932900297	0.17422736301076508
53	q53	0.11840910370094972	0.5387295338647141	0.2855826704649163	4.378804718844359E-4	0.009706514303944192	0.03696438607783216	0.008389031906625362	6.82155639450858E-4	4.021335825755575E-4	6.9658998710726E-4
54	q54	0.0026887548639259583	0.610994154263779	0.12990339425582678	1.2761900172245268E-4	0.0028289356233291646	1.6608473852979972E-4	3.235433618686586E-4	1.9881229539972593E-4	1.1720067384258763E-4	0.2526515009217757
55	q55	0.02575616579451986	0.001198514309265812	0.02256424616773987	0.005793671637810478	0.8988960544419993	0.007539946450811156	0.014688282888601443	0.00902571828300659	0.005320698413319531	0.009216701612926047
56	q56	0.03513464510189225	0.005675668661862873	0.00691932168055153	0.011549048563963861	0.013081454068026107	0.1349806216639559	8.549731633235412E-4	0.7348990191244584	0.005915612078664836	0.05098963589330065
57	q57	0.003547657575000253	1.6508351444599473E-4	0.5337294618091489	7.980210733585096E-4	0.03095530221679921	0.279614819507203	0.14794406737051724	0.00124320359217984	7.328736808458157E-4	0.001269509660501224
58	q58	0.02098981052909916	0.4473495443549079	0.2522930992444356	9.962599052841083E-4	0.07176673978077615	0.08410088628593906	0.11845182688545132	0.0015520315620005344	9.14929051675127E-4	0.0015848724004309822
59	q59	0.013546357806915954	7.434756431708499E-5	0.0013997302579142703	0.6396107226009672	0.0019925106916087025	0.20956862639045518	0.10844876556365375	5.59893332408179E-4	0.024227305170341416	5.717406214183336E-4
60	q60	0.09614953272463993	2.803878795170744E-4	0.20805776443906007	0.22666534594132282	0.007514379964790323	0.24960487415666385	0.16115322500016752	0.0021115325790653007	0.0012447572249466184	0.04721820008982651
61	q61	0.012506679474570775	5.819746010046031E-4	0.010956747081713498	0.5172332722341227	0.06236234056748061	0.0036612473404634936	0.38125595926552697	0.0043827084548956645	0.0025836248363645528	0.004475446143857003
62	q62	0.07107837976697183	0.43726797684009727	0.4619785554393065	0.02347046991521706	0.002557942706683396	6.004570325305692E-4	0.0011697275058644915	7.187791122956847E-4	4.237232719216789E-4	7.339884091115669E-4
63	q63	0.2863076261077784	4.902647827341325E-4	0.009230140315774057	0.002369961830897169	0.13132698291714393	0.0030842937626655255	0.5575519908961565	0.003692064232214618	0.0021764871987201336	0.00377018795591564
64	q64	7.567820911135828E-4	3.521541880230939E-5	0.00632257222928402	0.01714896363143437	9.437713140651638E-4	0.8548176561364913	0.07683586762249944	0.00309498716482086	1.5633574125669815E-4	0.03988784865023225
65	q65	0.10368193508899613	1.392266816770805E-4	0.0026211995085846373	6.730279902566188E-4	0.0037312675182694004	0.7168932573187575	0.15833507991745313	0.012236253534571214	6.180845556568915E-4	0.0010706678857773178
66	q66	0.011429097353716736	3.332913100035913E-5	0.02205318593635996	1.6111450609875407E-4	0.0035714318368442553	0.07787785122101888	0.021834165596047773	2.5099353816721606E-4	1.4796173317243192E-4	0.8626408691475735
67	q67	0.984367884328263	1.743340534361333E-4	0.003282160644008123	8.427385915118446E-4	0.004672143177434999	0.0010967490477994505	0.002136535103661052	0.0013128671399952223	7.739406316086576E-4	0.0013406472822815377
68	q68	0.020647863967261953	2.0273494352562939E-4	0.085272231124937	0.6689140740389675	0.038015433992923696	0.16418616375629405	0.0024845996237902613	0.0015267473005845889	9.000238745601857E-4	0.01785012737715511
69	q69	0.468133262473723	2.060924102840682E-4	0.003880070386311249	9.962599052841083E-4	0.45266671736323355	0.06754001769539744	0.002525746751659961	0.0015520315620005344	9.14929051675127E-4	0.0015848724004309822
70	q70	0.04473984311190454	1.3046875408120168E-4	0.012940330198884721	6.306917775589802E-4	0.0034965555336682664	0.01130480390616067	0.03305099249873587	0.11630669173001117	0.7344602445599088	0.04293937792908575
71	q71	0.005445545302601398	0.0024315204906424775	0.022177381608855264	0.8166997868457346	0.0056042425146368355	1.880228433525721E-4	3.662801494279397E-4	2.250733776348802E-4	0.002534314957569172	0.1443278319095448
72	q72	0.3285590492526962	1.1273934029969122E-4	0.020241208151694157	5.449870004137937E-4	0.012080749096242478	0.2090740924106838	0.001381666710354566	0.009908353302759337	5.004963431923613E-4	0.4175966583916636
73	q73	0.1435596650452163	1.2521762050580638E-4	0.022481557140394366	6.053075635976475E-4	0.013417877483919401	0.6950693448846256	0.0015345931361916778	9.429832902422037E-4	5.558925659828131E-4	0.1217075612693242
74	q74	0.0025620395354567713	1.1921964894336154E-4	0.002244530153701248	0.4987402615733731	0.02235523199034973	0.11571093124145637	0.3367637431676494	0.010477889964777455	5.292651010216434E-4	0.010496887623270976
75	q75	0.01143696937142147	5.32197670866056E-4	0.6942684366088632	0.0025726672827913804	0.014262868716550341	0.003348096813324336	0.2631156121281643	0.004007850562127874	0.002362644551723374	0.004092656294167604
76	q76	0.5041222741680146	6.76947930530717E-4	0.012744795476488088	0.003272396495451829	0.01814216782532686	0.004258731920619076	0.008296273667837568	0.005097929383068782	0.27499114523814433	0.16839733789451822
77	q77	0.03202067712776927	0.9334138428493203	0.03133528896223338	7.033098101670642E-4	8.846542361054646E-4	5.193740227992451E-5	0.0014279798182050027	6.21718422521889E-5	3.665055921889249E-5	6.348739244866533E-5
78	q78	0.014547663718497427	6.76947930530717E-4	0.6655109427425109	0.003272396495451829	0.290128062519503	0.004258731920619076	0.008296273667837568	0.005097929383068782	0.003005250543968177	0.005205801078012532
79	q79	0.00158824626631842	0.6711618096393427	0.2923941367621199	3.572650300684615E-4	0.01385833951817803	4.6494854452636055E-4	0.006844579580056678	0.012434230231369232	3.280992775314063E-4	5.683451504887954E-4
80	q80	0.09797475974932682	1.474763395686257E-4	0.0027765145599155587	0.012563592421144831	0.8572016934986896	9.277850873472248E-4	0.025508753272311877	0.0011106082623000375	6.547081831885995E-4	0.00113410862620675
81	q81	0.10068667440676868	2.936189322249842E-4	0.005527918870065059	0.001419367016984695	0.14943414250819098	0.6388904491871982	0.09797520076335621	0.0022111724026418417	0.0013034953147677134	0.0022579605978016257
82	q82	0.009795963591685003	9.618351460898041E-5	0.0018108323648175124	0.4564743255921678	0.0025777129752030774	0.40251166150714635	0.12484232631553668	7.243345361991579E-4	4.2699821738548526E-4	7.396613852499903E-4
83	q83	0.2570379132008125	5.103713580093661E-4	0.706806997219023	0.002467157912750361	0.013677924715696805	0.0032107857867593667	0.006254809664536636	0.0038434819355055304	0.0022657485636760175	0.003924809643230483
84	q84	0.15786169524586613	0.21038351580691395	0.00214193085265212	5.499693603282828E-4	0.02133335613218014	0.1469903417917723	0.0013942981324391805	0.019141099942556104	0.43932888925313435	8.7490348215751E-4
85	q85	0.012379304828089062	1.2154853737841593E-4	0.4320459369323507	5.875710520786879E-4	0.003257494209803447	0.19610901725116067	0.00148962702231197	9.153523221271503E-4	0.3521594267555619	9.347210891380254E-4
86	q86	0.007558201472893022	3.517065657149802E-4	0.006621525889386032	0.0017001652286177948	0.20725912309769748	0.0022126132757765067	0.39997712018400877	0.002648616170775414	0.36896626748117584	0.002704660633954106
87	q87	0.8875413702975581	2.2883016837181062E-4	0.041084142031419406	0.0011061752422324403	0.02452063177238883	0.0014395883324167245	0.03958039861398831	0.0017232640598526749	0.001015871320319383	0.0017597281614523043
88	q88	0.11328785470156094	6.059178496225657E-5	0.0011407522972910042	2.9290339156249495E-4	0.0016238565509160605	0.803757094872426	7.425770984712919E-4	4.563019207245463E-4	2.689918773738858E-4	0.07836907550471152
89	q89	0.020982224332918326	0.427824909241956	0.33549602833137465	2.9578370063949497E-4	0.01639029814515945	3.849360825508184E-4	7.498793408444153E-4	4.6078903354732504E-4	0.18219413934661058	0.015221012444399029
90	q90	0.005765741579251655	2.682978453156362E-4	0.00505120262743024	0.0012969637532680603	0.7186532335999051	0.2604016519650819	0.003288099791493002	0.002020485486935928	0.0011910845860008416	0.0020632387653177144
91	q91	0.0077780233078321775	3.619355577460729E-4	0.006814105562780849	0.0017496126324207872	0.00969985331875475	0.0022769646577866713	0.12077119368582535	0.002725648209256722	0.2633617131872899	0.5844609498803067
92	q92	0.8136508101453769	1.768109767678856E-4	0.0033287933019281726	8.547121493953506E-4	0.004738524588395054	0.029528160634440463	0.0021668908118147928	0.0013315202441160211	0.11444825299357203	0.029775524154193295
93	q93	0.0023586731265900483	1.0975637894443068E-4	0.010886007113173545	5.3056723214983E-4	0.002941465003296409	0.22118149841316084	0.7598341923779486	8.265484595859265E-4	4.872537497354247E-4	8.440381454150008E-4
94	q94	0.04860005049983548	0.5260260690465558	0.33431616666324016	0.07436714882817641	0.012303675476943447	7.223397760246213E-4	0.0014071626424876286	8.646792607269673E-4	5.097320153723792E-4	8.829757906371519E-4
95	q95	0.0017101196021103255	0.3837522429801209	0.0014981872684833011	3.84679595365799E-4	0.05968356374254927	0.12199697032687457	9.75250768671613E-4	0.09651744267534257	0.33286958619019535	6.119568502863225E-4
96	q96	0.0018395107688639538	8.559814361037754E-5	0.04288175608950924	4.137852448240428E-4	0.022929132051802695	0.2619165195322437	0.0010490402478870277	6.446186948313363E-4	3.8000539782443517E-4	0.6678600338286032
97	q97	0.0034559670606876336	1.6081687032262922E-4	0.003027674698442431	7.773959253272638E-4	0.030155251050372672	0.001011711400727833	0.001970876497924589	0.0012110725382795048	0.7373069102392495	0.22092232371866594
98	q98	0.45723782409027414	1.8198215044881253E-4	0.003426150200390279	0.4980770794922448	0.03412401586015962	0.001144863819129578	0.002230265659577832	0.0013704630889996472	8.078936827534572E-4	0.0013994619560218594
99	q99	0.2616713389573138	1.2397022564331734E-4	0.0023339685369293934	5.992776011849498E-4	0.08301692121898463	0.5686034033040073	0.00151930580213786	9.335894644618569E-4	5.503548666709925E-4	0.08064787002266592
100	q100	0.08305098422536708	2.4219035390890794E-4	0.004559680867223272	0.3125559376493967	0.006490688350056698	0.11829308029841222	0.35327646781845906	0.1185933183540494	0.0010751826839295797	0.001862469399197048
101	q101	0.4271604719027447	9.618351460898041E-5	0.017268777117078984	4.649554004543711E-4	0.025764630103595285	0.12426865596643984	0.3953563594801125	0.008453306912329895	4.2699821738548526E-4	7.396613852499903E-4
102	q102	0.6443187672768483	8.652072690698006E-4	0.016289125339995488	0.28228262641177576	0.02318750788831137	0.00544308601674944	0.010603468833973685	0.006515664441100602	0.003841011248795383	0.006653535273380188
103	q103	7.44147412575057E-4	3.4627488007710345E-5	6.519264372029675E-4	1.6739082179318342E-4	9.280148006551421E-4	0.14491015210314348	0.008772007171008924	0.48998858247118393	1.5372567442497123E-4	0.35364942562000456
104	q104	0.01880931981317493	1.846828512685708E-4	0.04799840877588805	8.927651419031842E-4	0.09399231618395731	0.5650997507811694	0.10614666060251035	0.1646359820140878	8.198832054946093E-4	0.0014202306305458581
105	q105	0.608513473238194	2.4219035390890794E-4	0.1602522702043572	0.0011707589751288653	0.006490688350056698	0.21560094863412094	0.0029681418099077295	0.0018238763511989567	0.0010751826839295797	0.001862469399197048
106	q106	0.018146314671022453	0.16217473029602064	0.00646901989168638	1.7417595431882578E-4	0.0038609654929873225	2.2667445631751148E-4	4.4157588647772845E-4	0.0784453571039038	1.5995689464596934E-4	0.7299012293526193
107	q107	0.010528321549492443	1.0337430923316282E-4	0.001946212358854552	4.99716022455594E-4	0.002770425881153021	0.6070467064311384	0.0012668944256164934	7.784866527046224E-4	0.13336771467907776	0.24169214769027386
108	q108	0.026943711798293503	7.857230298849574E-5	0.0014792687687514737	0.6443870877450104	0.06524370068703746	4.943044504934443E-4	0.026218122589719315	0.2342021875507675	3.488147989637656E-4	6.042293079746378E-4
109	q109	9.338329142469096E-4	0.8066547158760279	0.16842563942954486	2.1005926553234794E-4	0.0011645686743184734	0.007257020670385588	5.325482886146097E-4	3.2724252804681796E-4	0.01416020540484731	3.341669484350891E-4
110	q110	0.3099915905509745	7.524665825829733E-5	0.0014166573624641245	3.6374570284285765E-4	0.014109725341180593	0.6353621290487961	9.22178562554536E-4	0.006613223679447462	0.030566848344702243	5.786547487792495E-4
111	q111	0.01143696937142147	5.32197670866056E-4	0.22384736447028142	0.0025726672827913804	0.4419183888425338	0.3027069609015128	0.00652230005257428	0.004007850562127874	0.002362644551723374	0.004092656294167604
112	q112	9.78238800075784E-4	0.6548038612578427	0.20935547331642848	0.1319032897822646	0.0012199465720159157	2.86372910763237E-4	5.578721748707008E-4	3.428036569351889E-4	2.0208417949065522E-4	3.5005734931259385E-4
113	q113	0.010890171436319323	1.0692720053886483E-4	0.0020131021017715076	5.168908575250883E-4	0.037234833470977155	0.15533404363940245	0.001310436561214834	8.052426086139462E-4	0.45586646527767627	0.3359218868459606
114	q114	0.029214789438572336	2.8685091573312643E-4	0.6508100445497595	0.07053767291915282	0.07683861178068804	0.0018046013529190428	0.16486786177870286	0.002160204124901652	0.0012734493033591324	0.0022059138362114134
115	q115	7.698532216627004E-4	3.582365906316111E-5	6.744465672883983E-4	0.6449940265713582	9.600721200693145E-4	0.08082797609255074	0.0033176981129303946	0.1643536570946751	1.5903597016995435E-4	0.10390741059023192
116	q116	0.1397336254092165	5.32197670866056E-4	0.010019604407289691	0.0025726672827913804	0.1853250767669437	0.003348096813324336	0.348646716153361	0.004007850562127874	0.30172150863991176	0.004092656294167604
117	q117	0.44986833706925083	3.2421753988550345E-4	0.00610399419123915	0.0015672820514475193	0.008689012485651595	0.5230995328605713	0.003973418511959137	0.002441603037020561	0.0014393351307552616	0.0024932671222191423
118	q118	0.0054075274289362004	5.309482712869929E-5	0.00526612367640495	2.566627629489331E-4	0.0014229384875590096	0.6360448273953113	6.506988149899191E-4	3.998441639317066E-4	2.3570979526493958E-4	0.35026257264752425
119	q119	0.017800088756397478	9.769365777348935E-5	0.0018392635999300772	4.722554998804751E-4	0.07327108474023249	0.14192039839633072	0.323060486876582	0.4403537515626265	4.3370236457602665E-4	7.512745456707491E-4
120	q120	0.008521541843824568	3.9653378217514726E-4	0.7722032624372003	0.0019168619927693693	0.010627083857089499	0.002494624770370701	0.004859683628678199	0.1941706443243397	0.001760376700833339	0.003049386662719253
121	q121	0.0313253742429887	1.7192556918128434E-4	0.04468283704690048	8.310958711792193E-4	0.05986895668835254	0.001081597086601501	0.8586581098984648	0.0012947294338324648	7.63248378496444E-4	0.0013221257840025798
122	q122	0.3558620003963581	0.41313977660546386	0.20241086350438176	9.200737988983301E-4	0.005100889606286786	0.016491817787761213	0.0023325975446057794	0.0014333444191480492	8.449624880338026E-4	0.0014636738490623159
123	q123	0.005307991422901467	2.469973102580815E-4	0.004650180701511254	0.0011939960165634894	0.06616304635210594	0.0015538792306794924	0.0030270530253550206	0.0018600763643910625	0.08048789851883427	0.8355088810574
124	q124	0.011587089482245632	1.1377002170946546E-4	0.00214193085265212	0.6679278581568469	0.0030490304117275764	0.1469903417917723	0.0013942981324391805	0.1654157057061766	5.050719622727736E-4	8.7490348215751E-4
125	q125	0.337636449163663	6.641221876236978E-5	0.06529018898619864	3.2103962820711763E-4	0.001779843861099687	0.5821131655293935	8.139088944536121E-4	5.001341848523668E-4	0.010968140557316078	5.107169760535386E-4
126	q126	0.06002170325003521	0.890544574670056	0.0011463337330656627	2.9433649975966277E-4	0.045666709273882417	3.8305267979352555E-4	7.462103555707449E-4	4.5853449993602403E-4	2.703079920913687E-4	4.6823704580936627E-4
127	q127	2.1269103553665938E-4	0.9766412822799344	0.02245480064664323	4.784337971871079E-5	2.6524372135041226E-4	6.226388785147513E-5	1.2129391163092851E-4	7.453319657086862E-5	4.3937628928758326E-5	7.611031183464176E-5
128	q128	0.9324762872495325	1.1808835354965311E-4	0.0022232314278081006	5.70844369088483E-4	0.060099775308000244	7.429029885961647E-4	0.0014472210547482067	8.892945235640611E-4	5.24242815046612E-4	9.081119100660499E-4
129	q129	0.006622393812096436	3.081605316844059E-4	0.005801691345986572	0.0014896617574855918	0.008258685536681415	0.0019386617991880774	0.0037766333113328785	0.5223375387444504	0.0013680514611338502	0.44809852169996045
130	q130	0.3045524977698109	1.2521762050580638E-4	0.22372259804613764	6.053075635976475E-4	0.003355825438632239	7.877537598112887E-4	0.0015345931361916778	9.429832902422037E-4	0.3124795059698849	0.15189371740518567
131	q131	0.03243827385253334	7.663682563434723E-5	0.0014428298316996118	3.70465833955321E-4	0.014370399772555368	0.13596403523215636	0.7214566302372888	0.08679289221235466	3.4022241820734207E-4	0.006747613783614895
132	q132	0.08146553668189907	0.30567838658911956	0.19537314861430202	0.0011484091263170286	0.2927175492095755	0.0014945519624452819	0.0029114798307021228	0.001789058458219495	0.11559496476446572	0.0018269147629542256
133	q133	0.04412783689108359	2.4219035390890794E-4	0.4716374488786251	0.0011707589751288653	0.45410688269431676	0.02098521196270352	0.0029681418099077295	0.0018238763511989567	0.0010751826839295797	0.001862469399197048
134	q134	0.011334827773739753	0.5977823193926266	0.3800941001800245	0.004195540864066764	0.005941338374672496	1.0733666714806253E-4	2.090984785735161E-4	1.2848771877034185E-4	7.574404384851602E-5	1.3120650652939656E-4
135	q135	0.012432246152330765	6.823289577840239E-5	0.028699400103189998	0.11547195792793472	0.00182863790638864	0.110088417548326	0.02825101181326697	0.7023324635642804	3.0291391391625374E-4	5.247181745878846E-4
136	q136	0.2153914022392629	0.13058918133432323	0.16242195074456442	0.07972626032811016	0.008689012485651595	0.0020396776828204353	0.3947683098952723	0.002441603037020561	0.0014393351307552616	0.0024932671222191423
137	q137	0.0019325608319839037	8.99280517580831E-5	0.0016930617194697197	4.347162139712142E-4	0.06022050818603144	0.8677223634862139	0.015554715361572834	0.05126136229111649	3.992276425929845E-4	6.915562152893726E-4
138	q138	0.21399402936222645	1.2521762050580638E-4	0.00235745304982004	6.053075635976475E-4	0.06372813771035522	0.5642626682958924	0.1323412697249248	0.02106708738081653	5.558925659828131E-4	9.629367258782284E-4
139	q139	0.9475294944521733	2.095629548406295E-4	0.00394540979953722	0.0010130366724946925	0.022456025293096128	0.018158126266726284	0.002568279694179016	0.0015781673846719656	9.303362276868695E-4	0.0016115612545939205
140	q140	0.004028635699996677	1.8746491895515143E-4	0.0035293734471227665	0.12141843968505982	0.0200880778992	0.0011793563409295998	0.4542183063687602	0.0014117524783432503	8.322339492540266E-4	0.3931063592123785
141	q141	0.0014583342558911014	6.786081776775494E-5	0.0012776052696390088	3.280422204224761E-4	0.0127247843597805	0.9329000172597212	0.04990919362508603	5.110432298479657E-4	3.0126210645298223E-4	5.218568553909787E-4
142	q142	0.008901564311047333	8.740168671932843E-5	0.015692088750850486	4.2250365267041903E-4	0.0023423604640250067	0.34469131854728186	0.0010711434060898582	0.014704791257884204	0.5552283376389772	0.05685849028445429
143	q143	0.19354677255802652	6.641221876236978E-5	0.006586987406124517	3.2103962820711763E-4	0.0818296641975644	0.5821131655293935	0.1342302761218948	5.001341848523668E-4	2.9483117912078327E-4	5.107169760535386E-4
144	q144	0.5633049351672241	1.9328832038794326E-4	0.003639009738026609	0.0319983173700331	0.005180116503797328	0.14100378034017277	0.0023688273948601454	0.0014556070909873277	0.24936971047761625	0.0014864075968943798
145	q145	0.00910156791502443	4.2352419494179344E-4	0.007973625445085102	0.7848047209033927	0.04538335528378027	0.002664423549886705	0.14132218148578296	0.0031894571804682525	0.0018801982542950618	0.0032569457873427004
146	q146	0.04565161398391211	1.0785391345780163E-4	0.0020305491846040226	0.22585726057041577	0.002890479031431103	0.17401381728725876	0.5473279886646985	8.122214570689722E-4	4.7880792224897346E-4	8.294079849041167E-4
147	q147	0.0019050282017374956	8.864687304595253E-5	0.0016689411631927644	4.285229389222208E-4	0.10210268876970631	0.15014812042138068	0.0010864036736336618	6.675779309404704E-4	3.9353996286474853E-4	0.7415105300645757
148	q148	0.9026679024294124	1.4924499502482022E-4	0.026795429189718424	7.214569639057141E-4	0.003999757772665944	9.389118359613575E-4	0.061793099492807244	0.0011239275741880142	6.625599728641418E-4	0.0011477097734519624
149	q149	0.005415476964577793	2.5199894601264216E-4	0.004744345735282451	0.0012181741469285815	0.5332472655794965	0.44708002048003914	0.0030883501165126013	0.0018977424605952304	0.0011187270621983772	0.0019378985083567044
150	q150	0.018267134067708954	1.7935929834988974E-4	0.003376770163819901	0.8368029804047835	0.10569564096662842	0.015541052038636859	0.002198121534717496	0.0013507110310059707	7.962497625322134E-4	0.01579198073181676
151	q151	0.22865761097181242	1.2778926497583812E-4	0.012674569450022674	6.17739007689193E-4	0.03423084669652306	0.6374633595695197	0.0015661096906230327	0.08311195325093221	5.673091544586752E-4	9.827129434432347E-4
152	q152	0.0022782980476531074	1.0601627713802016E-4	0.0019959522857887473	5.12487413168279E-4	0.17322320929209784	0.14549163861205763	0.0012992728224943096	7.983826671598815E-4	4.7064989812249544E-4	0.6738240926843196
153	q153	0.11289017972323656	9.846665272564E-5	0.14427768997612297	0.7363326710020653	0.0026389009529081946	6.194613472714773E-4	0.00120674908855603	7.415282912364148E-4	4.3713400738881167E-4	7.572189584885108E-4
154	q154	0.00458066140161744	2.131523876472405E-4	0.004012987503720449	0.0010303881508097305	0.02284065622156545	0.2582637150858386	0.6192268861910386	0.001605198525691966	0.08658719016011505	0.0016391643719554873
155	q155	0.009928195692699768	5.448971438202775E-5	0.001025869544835965	0.6833255898779372	0.29482677228287085	3.427990182379738E-4	6.677937285977037E-4	4.1034871885255007E-4	0.008999109763348641	4.19031658237241E-4
156	q156	0.538291437429226	1.3326301698127164E-4	0.03463457879190608	6.44199369072542E-4	0.01427999372427987	0.3006778266729332	0.012341744855896985	0.0010035712043799385	5.916093929998868E-4	0.09740177554232417
157	q157	0.06732741488916312	1.9633783502830273E-4	0.0036964224852130394	9.491058533372139E-4	0.19458614192712248	0.6954242713972151	0.03396025020967042	0.001478572240281748	8.716244764316733E-4	0.0015098586865369059
158	q158	0.054896907796780484	0.2342625019555291	0.26615358442393106	4.5441882873100423E-4	0.002519298216241382	5.913855408220804E-4	0.0011520556779138365	0.008261742571977346	4.173218111348314E-4	0.4312907831769389
159	q159	0.0016170565429223006	7.524665825829733E-5	0.0014166573624641245	0.1696674114327539	0.008063165850826625	0.629315569558442	0.18836552276352747	5.666641890934962E-4	3.3405089293241373E-4	5.786547487792495E-4
160	q160	0.19795643350699874	1.2154853737841593E-4	0.05112446227564139	5.875710520786879E-4	0.013024711508693429	0.5672632746089801	0.0405584962178719	9.153523221271503E-4	5.396039955224381E-4	0.1279085459747078
161	q161	0.1397336254092165	5.32197670866056E-4	0.010019604407289691	0.4729937394213732	0.31362173280473876	0.003348096813324336	0.04928785206517263	0.004007850562127874	0.002362644551723374	0.004092656294167604
162	q162	0.010967920209243056	5.103713580093661E-4	0.009608683742909678	0.002467157912750361	0.42379457970164586	0.0032107857867593667	0.5394064611462703	0.0038434819355055304	0.0022657485636760175	0.003924809643230483
163	q163	0.0021762886124232048	0.7744254337217908	0.117163886301746	1.0329531483277654E-4	0.005723915832572598	1.3442963135431525E-4	0.020866863471277582	0.03793672751214688	0.04130483511915405	1.64324482701741E-4
164	q164	0.02098981052909916	2.060924102840682E-4	0.02044093897685287	9.962599052841083E-4	0.005523265418609662	0.11722262346702231	0.002525746751659961	0.1174781116957919	9.14929051675127E-4	0.7137022217937209
165	q165	0.004660487080901726	2.1686692418316527E-4	0.021509591533311046	0.0010483443861332633	0.040665363839910894	0.1059243527350297	0.6997246334875833	0.12361986890830308	9.627615544362606E-4	0.0016677295502076377
166	q166	0.33906124419800227	5.103713580093661E-4	0.009608683742909678	0.002467157912750361	0.3007595832058611	0.3313041097755186	0.006254809664536636	0.0038434819355055304	0.0022657485636760175	0.003924809643230483
167	q167	0.022472864485154724	3.0177121475994417E-5	5.681400650403991E-4	0.6767009072196345	8.087452189617469E-4	0.22085833299033028	0.0779675424579998	2.2725652495650438E-4	1.3396866530048556E-4	2.3206525114551408E-4
168	q168	0.027522980813315733	1.510565877103281E-4	0.002843919345812904	7.302142837642659E-4	0.01618668985122682	0.09805736064871294	0.8515379647425014	0.0011375702358538274	6.706023785766508E-4	0.0011616411125251803
169	q169	0.00715383908607017	3.3289032922223397E-4	0.05976709130603001	0.0016092067020023397	0.8381685881694717	0.08234396262139641	0.004079707091266279	0.002506915693428598	0.001477837212963412	0.002559961788148812
170	q170	0.008802009735353014	4.0958482338866427E-4	0.007711191022136016	0.001979951308214396	0.010976851053815037	0.002576729882605471	0.0050196294748419915	0.003084483180818828	0.0018183156455251765	0.9576212538733014
171	q171	3.337156581452827E-4	1.5528825008506485E-5	0.0027880434506079373	0.22219099908435536	0.017885964076599346	0.5192000960389985	0.23603250961501274	0.0013647860999717813	6.893884699139818E-5	1.1941830430912715E-4
172	q172	0.13388156632635903	8.220550492149065E-5	0.008153418688953376	3.9738507805324853E-4	0.02862609579904553	0.6809092238845714	0.14633392206331933	6.190695622050602E-4	3.649440780309445E-4	6.321690145405387E-4
173	q173	0.05183210409039174	5.7246995373472055E-5	0.21268556576088266	2.7673452947618777E-4	0.006134385617143477	0.0923635302029305	7.015853344989355E-4	0.00963145161959224	2.5414297943387255E-4	0.6260632528702769
174	q174	0.007350463302554372	3.4203986409029404E-4	0.006439532371742404	0.05662370133072414	0.009166649807782421	0.0021517993063123026	0.7737755535479903	0.14000148202639257	0.0015184557648478033	0.0026303226775633327
175	q175	0.0035663863078437097	0.014104333132321342	0.07663357000419399	1.6927488127313766E-4	9.384600273645994E-4	2.202961472544235E-4	4.2915054519967636E-4	2.637062447222361E-4	0.005783182284988712	0.897891640424838
176	q176	0.004428941938557534	2.060924102840682E-4	0.07012354474847775	9.962599052841083E-4	0.2870580314578173	0.18346609782918882	0.15157356406653458	0.2665259290106665	9.14929051675127E-4	0.034706609581514225
177	q177	0.0026378520029138497	1.2274743828098842E-4	0.0023109473056924525	5.933665925257892E-4	0.14137941991011635	0.05008999765945168	0.001504320043059609	9.243809517498457E-4	5.449264101825956E-4	0.7998920416860268
178	q178	0.08181366356633428	1.9328832038794326E-4	0.14342679826731722	9.34364363524079E-4	0.2226277875493605	0.12547180383691828	0.01790080389811466	0.0014556070909873277	8.58086425544075E-4	0.4053177966815117
179	q179	0.020142599951452855	2.224689401417285E-5	0.01472030249440829	0.005470591332881571	0.00953463031100266	0.24684020425432537	0.019937157249546294	0.6830624234269664	9.876312094680615E-5	1.710809644555911E-4
180	q180	0.018534262626816764	1.8198215044881253E-4	0.003426150200390279	0.059373518028787396	0.004877111762595792	0.14737938430694872	0.04610062180592357	0.7179196134793133	8.078936827534572E-4	0.0013994619560218594
181	q181	0.09914975225257755	1.4924499502482022E-4	0.03878823740131297	0.7082971414479842	0.003999757772665944	9.389118359613575E-4	0.1457427569739691	0.0011239275741880142	6.625599728641418E-4	0.0011477097734519624
182	q182	0.00127724679800914	5.9434256484076626E-5	0.0011189596851161679	0.05282253711930967	0.0015928348504770445	0.15797959333214256	0.7696531104591462	0.014775374658184287	2.638531319374654E-4	4.5705570919333806E-4
183	q183	0.0043567897165845545	0.19569562595165443	0.6554598298986459	9.80029761194152E-4	0.1357618794969881	0.0012754212495200564	0.0024845996237902613	0.0015267473005845889	9.000238745601857E-4	0.0015590531264777117
184	q184	0.09867193560518911	2.3311671756503938E-4	0.004388852899199243	0.6380301231700877	0.062444858907939646	0.15132613806525372	0.040321836366508726	0.0017555450139683016	0.0010349010768393528	0.0017926921774491765
185	q185	0.0016368511789834597	7.616776409195585E-5	0.0014339988815569953	3.681983695341366E-4	0.11221166621743497	0.8634804424293513	9.334670911524174E-4	0.01893532985705572	3.3814006092127856E-4	5.857381499177445E-4
