0	q0	2.1564964528247396E-4	3.9727849306123007E-4	0.0017395743635375764	0.32668603135767954	6.792482834695155E-4	5.231143378613273E-4	8.225038504667499E-4	0.017723257525005844	0.3348780984280605	5.975806883767491E-4	9.682102189862704E-4	7.377811283614548E-5	0.06210793001202953	0.077833663860349	0.1747540808229975
1	q1	1.1848118558458308E-4	2.1827082907321862E-4	9.557485370982387E-4	0.6175548489872584	3.731893081778312E-4	2.874069505883918E-4	4.518960892494689E-4	0.005565344669340192	4.1550673853908146E-4	3.2831989289194835E-4	0.3718472295391298	4.053481408499251E-5	7.463842590303477E-4	0.001042177327095131	5.4660872858209195E-5
2	q2	8.687637169335418E-4	0.0016004716346161337	0.15996705312943607	0.24537047850544821	0.0027364119365684055	0.002107412492825324	0.0033135296901956775	0.010216104974298097	0.0030467046460000693	0.5530598916183874	0.003900520715059629	2.972216692121826E-4	0.005472865248069117	0.007641768977275005	4.0080104567512606E-4
3	q3	1.0648594734791224E-4	1.9617271634814136E-4	0.004608680007250026	7.796067696093646E-5	3.3540698318771105E-4	2.583093784618732E-4	4.0614535488584706E-4	0.023750365087474325	3.734401243916373E-4	2.950802243855452E-4	4.780939113794205E-4	0.7387259696604562	0.1956548596994051	0.034683903315632474	4.912691243298612E-5
4	q4	9.53969585448188E-5	1.757441329600478E-4	0.010847184223113869	0.6987868055861534	3.0047914178065615E-4	2.3141015018962835E-4	3.638511235348981E-4	0.014558671823159142	3.345516751535897E-4	2.6435183828653417E-4	4.2830726664223125E-4	3.263723231506162E-5	6.00962826848083E-4	8.391251891910592E-4	0.2721405208321271
5	q5	4.390050756162309E-4	8.087528948104503E-4	0.0035413087464370415	0.4022476012749909	0.0013827680711282122	0.0010649210628096981	0.0016743981405386629	0.005162418560221909	0.4034657617965717	0.032133914362948525	0.001971017387214869	1.5019253086194222E-4	0.002765557049903615	0.14298984961834782	2.025334275983963E-4
6	q6	2.4761487446856896E-4	4.5616613029696233E-4	0.0019974272950547935	0.28791721206922044	0.11413044865236001	0.009319924860769711	9.444216215448181E-4	0.01163106289723274	8.683711966297775E-4	6.861586391363073E-4	0.5155486875851143	8.471406537451319E-5	0.0015598750442379426	0.05449367882839701	1.1423624016207557E-4
7	q7	6.652513293957092E-4	0.0012255528883579685	0.00536636244594889	4.870449602087261E-4	0.002095393307862643	0.0016137402323679437	0.7990048780008223	0.12495051193835503	0.025758514810906574	0.0018434593149601803	0.026412320056141903	2.2759595815825473E-4	0.004190818298366013	0.005851645127412678	3.0691133073524154E-4
8	q8	7.740458758434363E-4	0.0014259785992809704	0.006243972068933719	5.666958127574792E-4	0.0024380718632976187	0.0018776497187637067	0.002952268771345277	0.009102283818263992	0.0027145345969021325	0.0021449368336118315	0.9029398393101993	2.6481677673768607E-4	0.004876180590583788	0.0613216220563411	3.57103307138114E-4
9	q9	3.2020587815656065E-4	5.898962114069603E-4	0.182989713131052	0.6316579434485334	0.001008577096474218	7.767426916550894E-4	0.0012212891302504844	0.16162129451548107	0.0011229436930211422	0.012162733423710428	0.0014376402196468196	1.0954891847138012E-4	0.0020171694427756036	0.0028165763582701396	1.4772584109459203E-4
10	q10	7.957348239236746E-4	0.0014659348560979652	0.006418929639594497	5.825747631450031E-4	0.19864803888913604	0.0019302619069221476	0.003034992038917557	0.009357331958570669	0.0027905964968122222	0.002205038469795741	0.0035726401827230665	2.7223700530641426E-4	0.7615591830752602	0.006999396467730814	3.6710942606402446E-4
11	q11	0.17383706910053162	9.06888067887371E-4	0.24665372832754223	3.604048973600554E-4	0.018885034479538463	0.001194140028803732	0.019212051337076253	0.005788833429527102	0.0017263786686836083	0.0013641282006304565	0.0022101833100487958	0.19084769110527955	0.33245624314492006	0.004330116793794203	2.271091083765021E-4
12	q12	2.0776128393431315E-4	3.8274623493942886E-4	0.0016759415615748992	0.044047535202037975	6.544017046675565E-4	5.039790644503796E-4	7.924170512316451E-4	0.031706758753076936	7.286069349855611E-4	0.2639482933684905	9.327935501652235E-4	0.014702888894439079	0.6304766239472231	0.009143402520628396	9.584992815491799E-5
13	q13	7.052244433192164E-5	0.015029773903381545	5.68881233507816E-4	0.22354945010351088	0.0449216937878837	1.7107054232680296E-4	2.6897786885461054E-4	0.04801217170312079	0.6558409208379263	1.954227690691485E-4	0.010249863640600753	2.412715703096107E-5	4.4426329883501313E-4	6.203254311764818E-4	3.2535278443220594E-5
14	q14	0.001309384501553497	0.002412201053859927	0.010562371702175982	9.586288584140615E-4	0.0502316677071787	0.0031762528783148836	0.004994090265525533	0.015397523237739918	0.004591936526037834	0.049735797272736096	0.005878792210975974	4.4796696685948635E-4	0.008248600620898884	0.841450706322863	6.04079874866127E-4
15	q15	5.331178954893422E-5	0.058293575707286875	0.009816397375918561	0.030075346887163127	0.0057997295275794905	0.002006591380487945	0.09594409292891097	0.01564507058896092	1.869613955318313E-4	1.4773080593533265E-4	2.3935592087857016E-4	1.823904333200296E-5	0.0022131127919227216	0.04176887279835223	0.7377916110581906
16	q16	1.5293665405051012E-4	0.7380765208022431	0.0389312326389413	0.13474605122659342	4.817163487902232E-4	3.709876564534346E-4	5.833118188962261E-4	0.0017984371144236504	0.08131678988143734	4.2379847592992115E-4	6.866453738670075E-4	5.2322727934661216E-5	9.634399811992084E-4	0.001345252518759173	7.055678048095618E-5
17	q17	3.651664785161388E-5	6.727244466891682E-5	0.04401387216924601	2.6734631730838985E-5	1.1501929594541899E-4	8.85806328908658E-5	1.392772217396815E-4	0.00300113618539164	1.280617945907739E-4	1.0119025946829239E-4	1.639501496362025E-4	1.2493085078184048E-5	2.3004033099872595E-4	3.212056181299819E-4	0.9515546495326329
18	q18	2.0625236129944374E-4	3.7996643667107704E-4	0.05976593785084563	0.40686617972113326	6.496489349225341E-4	5.003187798995298E-4	7.866619076253997E-4	0.0024253956894854565	0.4728034324160661	5.71540138093927E-4	9.260188841887199E-4	7.05631115912088E-5	0.0012993076926280877	0.052653622283476344	9.515379207313823E-5
19	q19	3.476447628707553E-4	0.7473796445809215	0.0028043353204495847	0.2206037902268429	0.0010950034632694033	8.433028475510926E-4	0.0013259430855137836	0.004088079787434646	0.0012191702917042362	9.633486595109245E-4	0.001560833599089065	1.1893631685958589E-4	0.0021900234831447626	0.015299558902036364	1.6038467280136062E-4
20	q20	4.3232194049922505E-4	7.964409531667213E-4	0.7037622524472067	3.1651229092479946E-4	0.0013617176861369692	0.0010487093792848265	0.001648908164147899	0.0050838291709760725	0.0015161283085530998	0.06209146080822601	0.01716437826607599	1.4790609493427906E-4	0.017946822360361304	0.186483161942484	1.994501870220763E-4
21	q21	3.1663567793610516E-4	5.833190442539536E-4	0.0025541952883692226	0.23437556444518146	9.973317620883889E-4	7.680822418690042E-4	0.0012076721200095658	0.18211866982097902	0.0011104232051292145	8.774202532902289E-4	0.5031582150634349	1.0832748064166622E-4	0.0019946786039729118	0.06968338625090185	1.4607874194238652E-4
22	q22	2.6618219074170076E-4	4.903715908230805E-4	0.23647425483808943	0.4969682261930421	0.21641930158293232	6.456941780633608E-4	0.0010152387523009612	0.0031301321060049256	9.334857124071794E-4	7.376100089044943E-4	0.029314334201732385	9.106632045598653E-5	0.011049923784151953	0.0023413763349748994	1.228022053751708E-4
23	q23	4.5301099770119694E-4	8.345551705923549E-4	0.019606180723064456	3.316591994636273E-4	0.0014268836017712581	0.001098896071894537	0.001727817773244908	0.18079791842592444	0.0015886836483652834	0.0012553260799196874	0.08179335447336213	0.2075295651027398	0.40165105966700076	0.09969609405510198	2.0899500985359555E-4
24	q24	6.354785050322403E-4	0.001170704187903107	0.273651695413809	0.47038487349415686	0.06913299067544125	0.11342714370460677	0.0024237624717315057	0.029849945314200564	0.02460571179730634	0.0017609566757616	0.0028531314378579097	2.174100717290816E-4	0.004003261368190764	0.005589759137986604	2.931757442863739E-4
25	q25	0.17976706173791185	7.835541073627342E-5	0.019813254326932626	0.5032598204747377	1.339684356760779E-4	1.0317406937717279E-4	0.07654514764600662	0.031951949592496934	1.4915965317105124E-4	1.1786110021971046E-4	0.1859063072240893	1.4551289424399647E-5	0.0017656433058417522	3.741234358768929E-4	1.9622297501657833E-5
26	q26	4.3232194049922505E-4	7.964409531667213E-4	0.003487398105859021	0.5483577026450229	0.2601589464644611	0.03149544217673472	0.001648908164147899	0.0050838291709760725	0.07763296030217784	0.04686809440950106	0.0019410118673510394	1.4790609493427906E-4	0.0027234559616363557	0.019026131556509538	1.994501870220763E-4
27	q27	9.735926341674104E-5	1.7935917031113098E-4	0.10363481122003913	0.15091713332313955	3.0665996444860505E-4	0.1545103395960107	0.014084594999929948	0.008001512340628073	0.003769748240829677	0.01398304902540371	4.3711749968144173E-4	0.40457446379945716	0.04518141793765197	0.10027751726973533	4.491634931684759E-5
28	q28	0.0010256454423123438	0.001889485490241527	0.008273542556439873	7.508973249148365E-4	0.00323055438012172	0.7970418609667118	0.0039118883057311276	0.08429310551213562	0.0035968798803793236	0.002842137341077728	0.004604878422140441	3.508940859776514E-4	0.006461157606678805	0.08125389481437888	4.7317787075834013E-4
29	q29	0.13794939506065035	4.003183819096381E-4	0.0017528852092064341	1.5908987057199292E-4	0.015988011889660828	5.271170952969328E-4	8.287974715070945E-4	0.0025553059012576097	7.620577882568052E-4	0.01590571939184633	9.756187535508572E-4	0.6351723376924056	0.18501169558497332	0.001911399443604461	1.0025046530164854E-4
30	q30	6.354785050322403E-4	0.001170704187903107	0.005126194919009737	4.652476282581398E-4	0.024378740592974703	0.2700670189932397	0.0024237624717315057	0.007472820272967292	0.0022285867560730703	0.60594333278906	0.0028531314378579097	2.174100717290816E-4	0.004003261368190764	0.07272113426168643	2.931757442863739E-4
31	q31	8.687637169335418E-4	0.0016004716346161337	0.5270687096826596	6.360408032991613E-4	0.0027364119365684055	0.002107412492825324	0.0033135296901956775	0.010216104974298097	0.21718933763538045	0.21655003977793255	0.003900520715059629	2.972216692121826E-4	0.005472865248069117	0.007641768977275005	4.0080104567512606E-4
32	q32	7.268854173877089E-5	1.3390976964961477E-4	0.003145938383523245	0.7986434119633229	0.04630146394966702	1.7632497531806915E-4	2.772395261148664E-4	8.547707027326725E-4	0.07960201727519592	0.06931019206469137	3.2635244459828323E-4	2.4868222840215125E-5	4.579088493924436E-4	6.393787314499355E-4	3.353459976474601E-5
33	q33	6.354785050322403E-4	0.001170704187903107	0.005126194919009737	4.652476282581398E-4	0.0020016155517414316	0.001541518498440411	0.0024237624717315057	0.11935844547913367	0.20362271212717253	0.0017609566757616	0.0028531314378579097	2.174100717290816E-4	0.026380386409424035	0.6321492602925182	2.931757442863739E-4
34	q34	3.3141645729871166E-4	6.105487934323265E-4	0.0026734269468243793	2.4263719308038277E-4	0.0010438879203294154	0.1525162557130741	0.01293422548885999	0.0038972453061510916	0.0011622585526210576	9.183788567448348E-4	0.04816868626354679	0.3268783787182507	0.3288527860579127	0.11961696993003142	1.528978018420522E-4
35	q35	5.09954125487619E-4	0.41395117170418344	0.14776987947510867	0.17994365876292584	0.037520303805869064	0.0012370264478973765	0.0019450031147770174	0.00599673395252582	0.0017883799393165537	0.10915530574250608	0.0022895599705929424	1.744656382912267E-4	0.003212507793651522	0.09427078400787944	2.3526551898738824E-4
36	q36	0.0011054979610845867	0.002036593027948933	0.008917686414586002	8.093590898290404E-4	0.0034820720036991487	0.002681673012549166	0.043144387043083016	0.3633513654970382	0.0038769180946787484	0.5480545081681378	0.004963395240407436	3.7821325050728464E-4	0.006964196656815409	0.009724116993830686	5.100175458044792E-4
37	q37	4.6794005505276386E-4	8.620580834753617E-4	0.25093854084062445	0.24750641227205597	0.0014739068026051244	0.001135110385816218	0.0017847583127919059	0.005502675389082305	0.4630135089439143	0.001296695572353953	0.018578516051022533	1.6009177356639368E-4	0.002947835890887843	0.004116067149475713	2.1588247727520024E-4
38	q38	1.5544808733315403E-4	2.863727496702954E-4	0.0012539483069007478	0.0822207844251416	4.896268034726299E-4	3.770797914857566E-4	5.928906129742743E-4	0.05109215646222495	0.8380363180590559	4.3075783831555725E-4	6.979210491196748E-4	5.318194014372675E-5	9.79261010171206E-4	0.023262537442712086	7.171542127845625E-5
39	q39	9.565516398229705E-4	0.0017621980945358993	0.007716185704160317	7.003122500760166E-4	0.0030129243131776554	0.0023203649467668603	0.0036483593835459844	0.01124843473005676	0.003354571868487192	0.0026506734413802194	0.004294665411814349	3.2725569626612596E-4	0.9491522368200502	0.008413964008720092	4.413016911393772E-4
40	q40	5.389901119784072E-4	0.0958903301330163	0.47883475877946646	0.13325093944611152	0.0016976986346943412	0.00130746078980127	0.0020557485354777616	0.06327660701736641	0.0018902074825465239	0.0014935803938950145	0.0024199239171781737	1.843994375553995E-4	0.21216966061708115	0.004741033535922466	2.486611679088164E-4
41	q41	5.602568760136335E-4	0.0010321278624796227	0.1228894673090574	0.17796526682669345	0.0017646841979998456	0.001359048860684337	0.12050692195376934	0.006588262085956149	0.5149017171733372	0.0015525121277036639	0.0025154060972518042	1.916752284086392E-4	0.04298608187566996	0.004928099011245316	2.5847251372966974E-4
42	q42	8.429755728318359E-4	0.001552963673199588	0.4223721686450556	6.171607423915322E-4	0.0026551850345162193	0.38793329418163197	0.12195007564250726	0.00991285291381235	0.0029562671001922064	0.0023359459851547124	0.0037847387270333716	2.8839902263245716E-4	0.03499413618070557	0.007414932801066477	3.8890377726885904E-4
43	q43	0.005041780205448477	4.3754712390166295E-5	0.030299766312956288	1.7388488377327593E-5	7.480977149231733E-5	5.761378428498761E-5	9.058738402793508E-5	0.001115632612901471	8.329275111176197E-5	6.581521931470974E-5	0.0042883260765955965	0.885690312954194	0.037784841098438694	2.0891554496869214E-4	0.035137163083497465
44	q44	3.3141645729871166E-4	6.105487934323265E-4	0.30609806463509487	0.5487410207064924	0.0010438879203294154	8.039368689388345E-4	0.001264047116234201	0.0038972453061510916	0.0011622585526210576	9.183788567448348E-4	0.05983886463617258	1.1338428472864786E-4	0.002087791624390608	0.07293625643952827	1.528978018420522E-4
45	q45	3.0972890769869756E-4	5.705951129521272E-4	0.0024984806572410302	0.5455514588098284	9.75576976348156E-4	7.513280731581345E-4	0.0011813291825699254	0.07998767154713518	0.21921608137441218	8.582810958502816E-4	0.0013906013763970056	1.0596453460833834E-4	0.0019511687035570345	0.1445088413201435	1.4289232810001085E-4
46	q46	2.8775975725546033E-4	5.301226560162842E-4	0.04285283714500824	2.1067517392181303E-4	9.06379052519875E-4	6.980361812450438E-4	0.0010975372022614166	0.03378255123907723	0.001009157003536705	7.974029987510464E-4	0.001291965665989381	0.23315500100286973	0.6807166423097174	0.002531175673018099	1.327569388122038E-4
47	q47	1.4512134250316175E-4	2.673484029392201E-4	0.17491617094533596	0.6899781842813462	4.5709986056756755E-4	3.520295843457065E-4	0.05165512865866327	0.032367509068341606	5.089322445448915E-4	4.021416851282218E-4	0.021092206688091614	4.9648951511636595E-5	9.142066325491424E-4	0.026827320439789647	6.695121434208654E-5
48	q48	0.021122004594532118	0.0010745250612784409	0.6414058000386892	4.270252395348079E-4	0.0018371729559139931	0.3094958819191345	0.002224638423072963	0.006858891208132873	0.0020454973556752426	0.0016162853942810185	0.0026187326096363582	1.9954876138751501E-4	0.0036743736901407725	0.0051305328385601486	2.690899100300659E-4
49	q49	2.333710945034046E-4	4.299256631139814E-4	0.010100231291495234	0.36996752967803476	7.350668958680753E-4	0.3292742566596307	8.900947811217656E-4	0.07670362935102899	0.15695479238425408	6.466880996623358E-4	0.0503539980177055	7.984097966131109E-5	0.0014701449060507208	0.0020527652748477455	1.076649230212597E-4
50	q50	7.155367856530416E-4	0.0013181907884047856	0.005771998589933564	0.2776822784104501	0.0022537812792480533	0.0017357206934053493	0.002729110732268191	0.008414254385536805	0.002509346565402022	0.6822807399437976	0.0032125720727358277	2.447996315559593E-4	0.004507596635985178	0.006293963138795279	3.301103468282805E-4
51	q51	0.6399539420615292	1.9691107243572853E-4	0.061083119302292585	0.2785999134811742	3.36669390073164E-4	2.5928160490405446E-4	0.0041714802150686	0.008784532027928376	0.0041386518884248295	2.9619084916587916E-4	4.798933642109697E-4	3.656811927800614E-5	6.733438706347291E-4	9.401909362687389E-4	4.93118166109702E-5
52	q52	3.0638729649064484E-4	5.644390617172977E-4	0.23982569099855236	0.11890139580719504	9.650516463661883E-4	0.41071859978555136	0.0011685840278919009	0.0036029184031626245	0.21685099727571144	8.490212506816056E-4	0.0013755984204900863	1.048213017111114E-4	0.0019301178844486333	0.0026950261523553884	1.4135068767428654E-4
53	q53	2.0625236129944374E-4	3.7996643667107704E-4	0.11060533508630656	0.007413772871083121	6.496489349225341E-4	0.05860248704899773	7.866619076253997E-4	0.016950937756760008	7.233152296432407E-4	5.71540138093927E-4	0.04450264508601237	0.5956177878698478	0.16108027043264816	0.0018142250480154148	9.515379207313823E-5
54	q54	6.020621078125431E-5	1.1091431502599082E-4	4.8566358949314435E-4	4.4078275741155265E-5	1.896361353796968E-4	0.0404268673377795	2.2963098374091754E-4	7.079864840776533E-4	2.1113973630569903E-4	1.6683574339336772E-4	2.7031005985888E-4	0.05302167869182202	0.06610061548793825	0.011129798561910615	0.8268446383867519
55	q55	0.002656929872268944	0.37912893186907604	0.021432574514379927	0.0019451961187241333	0.008368736487711859	0.006445074876220565	0.010133728935648477	0.1248023509258904	0.009317701036722048	0.007362543907547339	0.011928916693051218	9.089895402202858E-4	0.01673759951189326	0.3976049605798806	0.001225765130764933
56	q56	1.589278432941274E-4	0.6718525343374186	0.10201598100342732	0.06727232963308882	5.005872586140604E-4	3.8552084518217797E-4	6.061626620557193E-4	0.0018688896633050878	0.09569498225026035	0.045211050561915225	7.135442386527697E-4	5.437243515981944E-5	0.0010011820861776863	0.012590614387154381	7.332079429377413E-5
57	q57	3.75203358495182E-4	6.912147926755373E-4	0.016238689329589853	0.2248795093979447	0.001181806892731124	9.101533934148545E-4	0.0014310536271279657	0.00441215122407006	0.0013158167096998454	0.06709995517697921	0.09416889998071293	1.2836467077559347E-4	0.2005443506509697	0.38644973206210326	1.730987327100724E-4
58	q58	4.6794005505276386E-4	8.620580834753617E-4	0.0037747176554632895	0.14864088299799152	0.03442908322729328	0.001135110385816218	0.0017847583127919059	0.005502675389082305	0.0016410389982801784	0.001296695572353953	0.10096645711274291	0.2967566795957598	0.002947835890887843	0.3995781842457335	2.1588247727520024E-4
59	q59	1.693531637379248E-4	3.1198924346397916E-4	0.0013661159592290696	0.9423472547823168	5.33424692715996E-4	4.108101731280026E-4	6.459256127257336E-4	0.0019914847555822643	5.939118551087192E-4	4.6928980584562174E-4	0.0305775432011434	5.793914850659057E-5	0.012993734256578812	0.007453092871178565	7.81304787383789E-5
60	q60	6.354785050322403E-4	0.001170704187903107	0.13938894516640937	0.313744998205524	0.0020016155517414316	0.001541518498440411	0.0024237624717315057	0.007472820272967292	0.02460571179730634	0.0017609566757616	0.047607381520324454	2.174100717290816E-4	0.2277745117805235	0.22936100955031935	2.931757442863739E-4
61	q61	0.001309384501553497	0.002412201053859927	0.010562371702175982	9.586288584140615E-4	0.004124269130685567	0.0031762528783148836	0.7427124674894158	0.061504921814233046	0.004591936526037834	0.003628398696242959	0.005878792210975974	4.4796696685948635E-4	0.008248600620898884	0.1498397276754661	6.04079874866127E-4
62	q62	2.1729974958790965E-4	4.003183819096381E-4	0.07061893286473765	1.5908987057199292E-4	6.84445743987221E-4	5.271170952969328E-4	8.287974715070945E-4	0.01020708897409441	7.620577882568052E-4	6.021532461727245E-4	9.756187535508572E-4	0.428574194725812	0.4834312354256086	0.001911399443604461	1.0025046530164854E-4
63	q63	0.0011054979610845867	0.002036593027948933	0.12570149221819782	8.093590898290404E-4	0.0034820720036991487	0.002681673012549166	0.043144387043083016	0.012999948086202827	0.0038769180946787484	0.5869824434360085	0.004963395240407436	3.7821325050728464E-4	0.006964196656815409	0.2043637933331837	5.100175458044792E-4
64	q64	8.029262300271945E-5	1.4791831550972767E-4	6.47694033411284E-4	0.8623995326086658	2.5290385374120774E-4	0.028468237821724165	3.0624205988053665E-4	0.02073561684673994	2.815816346536383E-4	2.2249663737072405E-4	3.604927705705948E-4	2.7469733103642442E-5	5.058115314241577E-4	0.03180707919482172	0.0537566303353802
65	q65	3.1663567793610516E-4	5.833190442539536E-4	0.16979972998979287	0.6023157407883135	9.973317620883889E-4	7.680822418690042E-4	0.14615380219457674	0.03717253974641186	0.0011104232051292145	0.034326527193574964	0.001421610959163946	1.0832748064166622E-4	0.0019946786039729118	0.002785172370332388	1.4607874194238652E-4
66	q66	7.599532059891984E-5	1.4000165132521832E-4	0.005965080454313184	5.5637826279538175E-5	0.0029153939786948743	1.8434642803882276E-4	0.0029658774966588135	8.936563045408519E-4	0.18223625673585675	0.02161879385544824	0.011045301688587129	0.048194461581639494	4.787402385883891E-4	6.684656277091264E-4	0.7225619908117208
67	q67	3.961385653493543E-4	7.297824769397813E-4	0.9656930819284191	2.9002165538395165E-4	0.0012477481248678569	9.609371860668904E-4	0.0015109020693793752	0.004658335850237211	0.0013892352822580019	0.0010977284765016201	0.0017785580245374805	1.3552702919965667E-4	0.002495515115862378	0.003484491053648015	0.014131997161349262
68	q68	4.6035452279446647E-4	8.480837093432069E-4	0.0037135276756094537	0.7460190521154014	0.09871288579331519	0.0011167097031745785	0.0017558265263189123	0.05404491025004126	0.0016144369706824883	0.017486154137404303	0.03448782803467313	1.574966092936131E-4	0.0029000500602006725	0.004049343730946933	0.03263334016080033
69	q69	4.6794005505276386E-4	8.620580834753617E-4	0.43219201117640926	3.42589086894822E-4	0.0014739068026051244	0.001135110385816218	0.0017847583127919059	0.5492630863964368	0.0016410389982801784	0.001296695572353953	0.002100927838678457	1.6009177356639368E-4	0.002947835890887843	0.004116067149475713	2.1588247727520024E-4
70	q70	2.967815240635035E-4	0.1677559805898607	0.023295193104529717	2.1728020552697666E-4	0.6593211689328133	0.011170498178968126	0.0011319468945561052	0.003489960670741116	0.0323925278867161	8.224029639142774E-4	0.05358535779937569	1.0153497234534933E-4	0.0018696053456850195	0.04441284183211653	1.3691909878737397E-4
71	q71	6.815301432177133E-5	1.255542377167741E-4	5.497678252921196E-4	4.989630336944045E-5	2.1466679405244884E-4	1.6532287318853488E-4	2.5994068586176436E-4	8.014358047590052E-4	2.390087216187622E-4	1.8885690797222222E-4	3.0598911876076907E-4	2.3316527018483025E-5	4.293368338969342E-4	0.03659759787569074	0.9599811564764803
72	q72	2.5656304486403086E-4	4.7265081148300245E-4	0.3092379428113063	0.25314999245278164	0.009842479119205794	6.223604363361364E-4	9.785506116262042E-4	0.02108574261538281	0.3622742620184775	7.109546633432025E-4	0.0011519006281053962	8.777541576184489E-5	0.0016162449522308551	0.03839421597240081	1.1836444669450226E-4
73	q73	2.8487316776002885E-4	5.248048641723456E-4	0.162797945956676	0.1506772821508301	8.972869394432007E-4	6.910340071834907E-4	0.00108652753437349	0.023412422068034403	0.6329676592090271	7.89404051498054E-4	0.001279005637959498	9.746088238382886E-5	0.021857083487568083	0.002505784822057868	1.3142522103249792E-4
74	q74	2.712674142009883E-4	0.019604036161049648	0.002188224510126376	0.4204931208236152	8.544318504019823E-4	6.580297110029007E-4	0.029691078723346198	0.06050282017550087	9.51319300110457E-4	7.517015291171529E-4	0.24957377213939405	9.280607843094119E-5	0.0017088766199333904	0.0023861066823826597	0.2102724082813871
75	q75	0.0011988342448450565	0.00220854090252913	0.00967059934520967	8.776926122158979E-4	0.003776060479528444	0.0029080844597548397	0.004572443331241566	0.05631211184334291	0.004204243101272178	0.003322055978092311	0.258669983602467	4.101454842281721E-4	0.007552178053620991	0.6437639486538623	5.530779077895185E-4
76	q76	0.0015195755247078644	0.0027994234526001844	0.5473465315337737	0.0011125142758268188	0.004786323971959673	0.00368612590758774	0.005795774523580111	0.01786923506840838	0.37989109727459264	0.004210853149820529	0.00682249465152795	5.198775744708039E-4	0.009572720313809159	0.013366402022780671	7.010507545538196E-4
77	q77	0.8954292645167716	3.470014287703388E-5	0.02800915581533483	0.015268930763522901	5.9328689815935986E-5	4.5691228148147835E-5	7.184129427239818E-5	0.006854167239821092	6.605620757888788E-5	5.2195463961432E-5	8.456796308037178E-5	6.4441219480199775E-6	0.05384328399739114	1.6568270852755708E-4	8.68984694847603E-6
78	q78	0.0015195755247078644	0.0027994234526001844	0.012257913166415928	0.0011125142758268188	0.004786323971959673	0.00368612590758774	0.005795774523580111	0.28541354425208726	0.0053290644174422905	0.004210853149820529	0.00682249465152795	0.6426262196153001	0.009572720313809159	0.013366402022780671	7.010507545538196E-4
79	q79	1.683492235133362E-4	3.101397442031495E-4	0.0013580175054851234	1.2325212629293484E-4	5.302625049305045E-4	4.0837485483591774E-4	6.4209650974121E-4	0.013835852308281604	5.903910941849588E-4	4.6650781522508103E-4	7.558437592165275E-4	0.6165786045158772	0.36267381705611385	0.0014808236676060002	7.766731449248853E-5
80	q80	3.3532981606586006E-4	6.177581411304608E-4	0.3097124643381466	2.455022481066682E-4	0.0010562141275981735	8.13429739087585E-4	0.0012789729587971285	0.6769981011441016	0.0011759824779012478	9.292230555510722E-4	0.0015055427251942637	1.1472312404977359E-4	0.002112444225302107	0.002949608663000194	1.547032159672084E-4
81	q81	6.652513293957092E-4	0.0012255528883579685	0.21619601061605156	4.870449602087261E-4	0.002095393307862643	0.32957097071919433	0.025962834710445817	0.10152499547501029	0.30686471237104346	0.0018434593149601803	0.0029868035927971635	2.2759595815825473E-4	0.004190818298366013	0.005851645127412678	3.0691133073524154E-4
82	q82	2.189753010901607E-4	4.034051506125907E-4	0.009477185650784037	0.817503454687839	6.897233574990726E-4	5.311815815310951E-4	0.14734009026403896	0.017996577957515518	7.679338515027927E-4	6.067963199826271E-4	9.8314153933978E-4	7.491588706764167E-5	0.0013794571437120552	0.0019261378324668815	1.010234750177485E-4
83	q83	0.0011502758238974638	0.0021190846167363875	0.009278894623861058	8.421419366243108E-4	0.003623112284165365	0.002790293372325418	0.004387237887709931	0.054031206669758726	0.0040339514974450175	0.0031874970986731444	0.0051644360735746036	3.9353266460065146E-4	0.007246279350296665	0.9012213804470475	5.306756532837437E-4
84	q84	2.589020599913641E-4	4.7695983969316797E-4	0.257356821175598	1.895478264147073E-4	0.05551584314724313	6.280343262606008E-4	9.874717899847941E-4	0.003044522430413761	0.07384176724988231	0.018950889377475494	0.0011624021911646866	8.857564022668833E-5	0.13838187832701196	0.02051079240632738	0.4286055922123119
85	q85	2.7655072113784386E-4	5.094729166130843E-4	0.002230843199760739	0.37999185696060206	8.710730888478005E-4	6.708457469688824E-4	0.0010547851014884983	0.022728438263980875	9.698475552355427E-4	7.663419529031335E-4	0.0012416400403671049	9.46136047768563E-5	0.5860335257572064	0.002432579400177541	1.2758568993361533E-4
86	q86	7.957348239236746E-4	0.0014659348560979652	0.006418929639594497	5.825747631450031E-4	0.002506387212179663	0.0019302619069221476	0.3953182953928303	0.20549898363552707	0.0027905964968122222	0.22636692610060305	0.03159287613657398	2.7223700530641426E-4	0.11709375613668918	0.006999396467730814	3.6710942606402446E-4
87	q87	5.192788315774902E-4	9.566364526937975E-4	0.6990333742499996	3.8017532124682706E-4	0.0016356124978969843	0.0012596459492907827	0.09340747924857927	0.006106386524809624	0.0018210811500287975	0.0014389590171923635	0.0023314254497289314	1.7765580916844411E-4	0.0032712497264843574	0.18742147233238182	2.3956743892095228E-4
88	q88	1.3806594819047924E-4	2.5435067035856247E-4	0.12751846989609125	0.6904654169681759	0.010158318292647933	3.349148892605603E-4	5.265938362952693E-4	0.025932170512647238	0.1414740889627568	3.825906796785279E-4	6.198798136530717E-4	4.72351581709485E-5	8.697604596799568E-4	0.0012144476790813912	6.369623331208364E-5
89	q89	1.3942160599940816E-4	0.010075763112553223	0.0011246679826536128	1.020735886509247E-4	4.3914696186777175E-4	3.382033900886301E-4	5.317644164105242E-4	0.01636788129595237	0.020126773583923323	3.8634730504001136E-4	6.259663608501896E-4	0.4566272462043109	0.4034538153416266	0.08959660718886	6.432166121245016E-5
90	q90	6.08256444022199E-4	0.0011205546067993488	0.004906603556391473	0.45023494611965215	0.0019158721312532935	0.0014754843048676116	0.0023199354982668782	0.3498495659662057	0.002133120545714133	0.0016855223854055639	0.002730911539850353	2.0809685312303883E-4	0.0038317732307619427	0.1766987398742633	2.8061694342304175E-4
91	q91	8.186742701424116E-4	0.030336198242650752	0.006603974565143035	5.993692304044128E-4	0.002578641351282969	0.0019859075037600266	0.0031224847997694087	0.03845508856771519	0.8965391495792664	0.0022686053263255455	0.003675632266098741	2.800850546241296E-4	0.005157321691984864	0.00720117509298114	3.7769245785099936E-4
92	q92	0.48138525864096554	7.401063987552605E-4	0.21543933446076488	2.941244681940581E-4	0.0012653994860523069	0.043414253161441534	0.0015322761573138071	0.10375025335791063	0.001408888201984821	0.0011132575736286848	0.0018037185272486646	1.374442723475171E-4	0.002530818105122335	0.14499952468540003	1.853425028698537E-4
93	q93	2.4979288622263795E-4	4.6017855158517163E-4	0.002014996595509237	0.19369410744859994	7.867918770159562E-4	6.059376546048268E-4	0.0361365884748926	0.002937404380204549	0.01846793923616768	0.08865184345116223	0.6520229098422275	8.545920732334261E-5	0.0015735956504354528	0.002197213685923491	1.1524105812524376E-4
94	q94	2.612841158318161E-4	4.813481592447392E-4	0.0481107224259726	1.9129178127922709E-4	8.229866872451325E-4	6.338126226361619E-4	0.046999587010705515	0.0030725338816822295	9.163084439583136E-4	7.240370907921749E-4	0.0011730969957116663	0.5981287790540792	0.21325992327475854	0.0851037459601368	1.2054249596579746E-4
95	q95	1.8124226141957294E-4	3.338918197684105E-4	0.02060829012392709	0.09586403512940223	0.2813828143059724	4.3965027371503315E-4	6.912715190865898E-4	0.03404174084073146	6.356062404028934E-4	5.02235351234632E-4	8.137301101921778E-4	0.47233663571659446	0.05219847068481882	0.039886770151137514	8.36154715966877E-5
96	q96	1.9492669751999724E-4	3.5910184107518375E-4	0.022164289409805728	0.38452447402759543	6.139756201286929E-4	4.728454348770297E-4	0.021335345192106177	0.0022922131361407683	0.5154806020714287	5.401559086008526E-4	8.75169631023016E-4	6.668837254784179E-5	0.02868380080614146	0.02230648311357076	8.992873743827219E-5
97	q97	3.6554418393554126E-4	0.01354533937946719	0.0029487240300423135	2.676228436569063E-4	0.0011513826472807113	8.867225517019695E-4	0.0013942128140710815	0.18450543303699443	0.7864690081610461	0.0010129492435852882	0.0016411972944068256	1.2506007145834561E-4	0.0023027827036285493	0.0032153785317850883	1.6864250693958625E-4
98	q98	4.13440090552038E-4	7.61656045992861E-4	0.5565572944132015	3.0268847810423964E-4	0.0013022440702701032	0.0010029065382007078	0.04525232900577123	0.0048617907071112606	0.0014499107411779053	0.0011456722481087774	0.0018562373246047005	1.414462315102795E-4	0.0026045078306532092	0.0036366777253245028	0.3787111985494166
99	q99	2.8204391529297075E-4	5.195927009196293E-4	0.2803605559343164	0.010138111944412111	8.883754252172727E-4	6.841709190063272E-4	0.001075736554193348	0.0033166558292344627	0.6763393713329057	7.815639892774945E-4	0.0012663030381146916	9.6492937792577E-5	0.0017767642827955833	0.02234414124103481	1.3011995548655827E-4
100	q100	5.49417773508509E-4	0.0010121596297300093	0.02377863719541894	0.5034155497665347	0.0017305434426959727	0.0013327557966611983	0.0020955204152257587	0.006460801181614539	0.0019267766948782906	0.001522476194521794	0.37005339031259016	1.8796695183522717E-4	0.0034611130514515353	0.08221941966092815	2.534719324052472E-4
101	q101	2.189753010901607E-4	0.00811418947240115	0.04032032293793827	0.5167828661380852	0.008400507679287631	5.311815815310951E-4	8.351881500563294E-4	0.11052598981897822	7.679338515027927E-4	6.067963199826271E-4	0.18604196526226519	7.491588706764167E-5	0.0013794571437120552	0.11758790265929527	0.007811807796806308
102	q102	0.0019333893870639234	0.0035617680761182054	0.08367651541173599	0.001415476400394241	0.006089745340045211	0.00468993912657392	0.1435350968644131	0.022735421092579828	0.006780285954950266	0.005357561146500328	0.21292191816646347	6.614516808880692E-4	0.012179582757894148	0.4935698862887163	8.919623056630136E-4
103	q103	7.895325366747955E-5	0.30874581508421967	6.368897839730818E-4	0.06400202300426322	2.4868513907232094E-4	0.0029717051258469685	3.0113360522025236E-4	0.0064888066259183195	2.76884543031547E-4	2.1878514854218939E-4	0.04761759819716394	2.701150771766898E-5	4.973740382988266E-4	6.944840268659878E-4	0.5671938509161987
104	q104	4.1954807244190133E-4	0.015546468188997218	0.07725215439654481	0.7389851488585909	0.0013214828508798192	0.0010177230378884284	0.0016001876775051285	0.004933616662721156	0.0014713310841765928	0.0011625979055452003	0.0018836605576705487	1.4353589586600424E-4	0.0469636649984155	0.10710532280425351	1.9355700850310842E-4
105	q105	5.49417773508509E-4	0.0010121596297300093	0.02377863719541894	0.36798888963211357	0.0017305434426959727	0.0013327557966611983	0.0020955204152257587	0.02580746691510327	0.0019267766948782906	0.001522476194521794	0.0024667413763042943	1.8796695183522717E-4	0.08084777598540645	0.48849940006419146	2.534719324052472E-4
106	q106	0.005867706379609284	1.5134147406834945E-4	0.006448238719663181	6.014436660853384E-5	0.13332653556888954	1.9927807918366234E-4	0.0032061069851798125	0.012537151693679218	0.07260754314529617	2.2764570404211994E-4	3.6883537445063193E-4	0.09838255076049493	5.175171343907513E-4	7.226098585545803E-4	0.6653767947558893
107	q107	2.3530475933205956E-4	4.3348793861973194E-4	0.018469713788120876	0.19903132917403624	0.07531330405044445	5.70792932269261E-4	8.974699231721852E-4	0.01105282734602763	0.6885461073224903	6.520464240773097E-4	0.0010564565142826162	8.050252557634806E-5	0.0014823262239808859	0.002069774065169031	1.0855701240091944E-4
108	q108	1.7895800932571214E-4	0.01923464609678849	0.001443595071834917	0.3467219967225468	0.15180337716247452	4.3410922578043933E-4	0.28425699548937405	0.07142262712367356	6.275954990110157E-4	4.959055242743912E-4	0.12053490306961513	6.122516078183134E-5	0.0011273641509331606	0.0015741400535546682	8.256164003125752E-5
109	q109	9.905726082036328E-5	0.03157544589748248	0.004287168672352616	7.252197406123727E-5	3.12008277543372E-4	2.4028916595956234E-4	3.778117897421808E-4	0.0011648499531946627	3.473881457972171E-4	2.744947993408949E-4	4.447410616671141E-4	0.8650843044642127	0.08433857755995335	0.01133564126350279	4.569971436957746E-5
110	q110	1.7139739940544936E-4	3.1575521703834967E-4	0.3997204673174284	0.054444283014653934	5.398635791159917E-4	4.1576899875578826E-4	6.537224802123367E-4	0.0020155236579495837	6.010808726267961E-4	0.5315921027769325	7.695292676909132E-4	5.8638522945833186E-5	0.001079735321045024	0.007543057994618561	7.907357958062195E-5
111	q111	0.0011988342448450565	0.00220854090252913	0.05188518817579377	8.776926122158979E-4	0.003776060479528444	0.3828393839350117	0.004572443331241566	0.35181423365743164	0.004204243101272178	0.003322055978092311	0.005382450618962392	4.101454842281721E-4	0.17641053337595738	0.010545116195100802	5.530779077895185E-4
112	q112	0.5189417973763251	1.9115530038579955E-4	8.370170190768692E-4	7.59667139251971E-5	3.2682843881796095E-4	2.5170272274111974E-4	0.055202592248785536	0.0012201794601646905	3.63888824516805E-4	2.8753309828378923E-4	4.658659315302937E-4	3.54992217485007E-5	0.4208393943648413	9.127088620225662E-4	4.78704168345646E-5
113	q113	2.4337084204170418E-4	4.483476022171257E-4	0.053382143829920604	1.7817708411922565E-4	0.02647603974062006	5.903593150948086E-4	9.282345649511028E-4	0.1399790898952035	0.7549981131489291	0.009244223409945974	0.0010926711052986907	8.326209589476122E-5	0.0015331393310308457	0.010710549763810256	1.1227827092209559E-4
114	q114	6.500241773281368E-4	0.001197500813340199	0.005243530046518136	4.7589683115563614E-4	0.0020474311751613357	0.0015768028121328768	0.13981517435841115	0.05342251259989863	0.002279597596534416	0.001801263780612613	0.025807759950538516	2.2238644092513826E-4	0.5076599831977696	0.25750024988129516	2.9988633837842556E-4
115	q115	8.167821886641143E-5	1.5047091621536938E-4	0.0035350089255209364	0.10935303284475506	0.08078912513122105	0.01170268277099407	3.115268259722437E-4	9.604835489656926E-4	0.7710913574529672	2.2633622323673581E-4	3.667137317637117E-4	2.7943773521575243E-5	0.020647504473148472	7.184532075712459E-4	3.768195528018787E-5
116	q116	0.0011988342448450565	0.00220854090252913	0.5162456653122188	8.776926122158979E-4	0.003776060479528444	0.0029080844597548397	0.004572443331241566	0.05631211184334291	0.004204243101272178	0.003322055978092311	0.258669983602467	4.101454842281721E-4	0.007552178053620991	0.13718888268685311	5.530779077895185E-4
117	q117	7.340316074118787E-4	0.0013522626966064545	0.2902434548639115	5.374004969649769E-4	0.0023120358426455927	0.2602553707549955	0.02864712996934355	0.008631741645750812	0.002574206847065814	0.36389875489711904	0.00329560896065549	2.511270847953122E-4	0.030471585249407594	0.006456646216371048	3.386428669554811E-4
118	q118	1.2100540788399178E-4	2.2292105342182385E-4	0.005237077924113724	8.859068965925102E-5	3.8114004541054476E-4	0.8780527981521147	4.615236615924614E-4	0.00142294610756078	0.10268757473608844	3.3531469456352423E-4	0.009065217113619614	4.1398401675806066E-5	7.622858537120371E-4	0.0010643807447602391	5.5825413823030444E-5
119	q119	2.2240513717986416E-4	0.28234585674603935	0.001794068682331343	0.15679401264289727	0.06335300057901337	5.395015415880103E-4	0.14964789555774966	0.17490964549775403	7.799620904195862E-4	6.163006426483088E-4	0.09497725160602308	7.608930348436783E-5	0.05622197849689962	0.01761942565829378	1.0260581767830484E-4
120	q120	8.961794640864687E-4	0.09632256692987329	0.007229183330265204	6.561124677831975E-4	0.002822765425206271	0.0021739165225448777	0.0034180953970725336	0.010538496604385638	0.0662572427010545	0.002483377797150598	0.004023610212934008	3.066011517718985E-4	0.41588912542110795	0.3865692773718131	4.134492029504356E-4
121	q121	3.906887541348335E-4	7.19742614439952E-4	0.003151556961409136	0.13785938840935597	0.0012305824350850275	9.477172506423782E-4	0.0014901160824495627	0.12841027057160406	0.001370123106158256	0.0010826266573781488	0.7171355445368167	1.336625383668805E-4	0.002461183476749082	0.0034365537405911025	1.8024286481882636E-4
122	q122	4.3232194049922505E-4	7.964409531667213E-4	0.32317809247908297	3.1651229092479946E-4	0.0013617176861369692	0.0010487093792848265	0.032095640961597796	0.03553056196842597	0.0015161283085530998	0.0011979952133262099	0.0019410118673510394	0.30461523406943325	0.2919674175374104	0.0038027651577845923	1.994501870220763E-4
123	q123	5.602568760136335E-4	0.0010321278624796227	0.004519406916864401	0.020138519637102736	0.0017646841979998456	0.001359048860684337	0.0021368615615763166	0.2038716960729445	0.7121851511603255	0.0015525121277036639	0.0025154060972518042	1.916752284086392E-4	0.04298608187566996	0.004928099011245316	2.5847251372966974E-4
