0	q0	0.04280088488335238	0.32285313266443166	0.0018838885239038266	0.0049458930932090184	0.022059579605587645	0.0023762020888330277	7.472248472270091E-4	6.721297555678635E-4	0.3838270115590154	0.0016285665332712131	0.0025572181598774125	0.0011487147198400156	9.674657694460518E-4	0.08386320907535798	0.1276688787210796
1	q1	0.003370634566368145	0.0031138876000683592	0.0022978983466403853	0.07928729959962856	0.0024893086977199625	0.0028984044341954884	9.1143755016537E-4	8.198393028302383E-4	0.00423311584942688	0.0019864659170187875	0.07637368124571993	0.0014011602183402862	0.0011800793750972195	0.7127472766143882	0.10688951068239226
2	q2	0.007688801336469632	0.007103132264741283	0.005241767842474034	0.18086336062931962	0.005678396653523268	0.0066115906214312984	0.0020790928579869955	0.001870146823446236	0.009656219373426223	0.004531355000634985	0.007115253236353566	0.0031962060399181843	0.0026918954569923378	0.40044442600593977	0.35522835585734264
3	q3	0.06907341047755121	0.00411988858755673	0.0030402783881734756	0.16951640715765953	0.00329352751666985	0.0038347894607061836	0.001205894895215402	0.001084704080932984	0.005600704944352024	0.002628231751498177	0.004126918873739549	0.0018538318443966685	0.0015613266033646755	0.7168655283013086	0.012194557116875056
4	q4	0.003949232515169098	0.0036484127592693433	0.00269235204482097	0.12150737940331796	0.002916619602558001	0.0033959400843529223	0.001067893519094115	9.6057165741328E-4	0.033569509833212	0.002327459603020327	0.0036546385067053734	0.11608065652222889	0.0013826499867756216	0.4345599650532474	0.2682867189088147
5	q5	0.0030707101948552733	0.0028368089779207983	0.0020934277332154503	0.4948946707345526	0.002267806089838726	0.0026404998434724205	8.303364016949419E-4	0.06748306974881778	0.2708011706878579	0.0018097070515996974	0.06957783082149893	0.0012764827756807698	0.0010750740540093567	0.04870027222207031	0.030642132662915003
6	q6	0.0031405734884856914	0.04840437061687542	0.0021410563751708936	0.005621052309499316	0.002319402102714412	0.02545208517759904	8.492278086212059E-4	7.638815566000515E-4	0.026695696492595893	0.0018508806196370767	0.23042140136269573	0.001305524686285349	0.0010995336120736563	0.6185960263412774	0.03133928744986889
7	q7	0.3280416007355029	0.003755867156450947	0.002771648189491518	0.007276585351666591	0.26807383784158473	0.0034959585632659456	0.001099345512582752	9.888627678790126E-4	0.00510584286599341	0.002396008801016545	0.003762276266894916	0.0016900326283050132	0.001423372303751588	0.005573257158541772	0.3645455038570724
8	q8	0.0963384587972338	0.0029688975683230556	0.0021909027202666022	0.1454390706293483	0.002373400548980633	0.0027634478124742975	8.689988445006449E-4	7.816656299780794E-4	0.004036011881584086	0.0018939713271809288	0.049536348279963636	0.0013359188574983104	0.001125132065485412	0.6795600638645027	0.008787711172679482
9	q9	0.004188920393903305	0.003869843204718475	0.0028557569970364045	0.037843535653305074	0.033439769928528165	0.0036020473905195144	0.0011327063988935504	0.0010188709300069407	0.6728757349322794	0.0024687184053179215	0.21629938527593479	0.001741318585021173	0.001466566150508498	0.005742383967464786	0.011454441786562132
10	q10	0.6130991435685029	0.0045620454133911865	0.003366568726661754	0.008838468307299842	0.039421170563523254	0.004246348729762734	0.0013353145743710034	0.0012011172564842768	0.006201786713434194	0.002910300206531068	0.004569830207604318	0.002052789749817935	0.0017288921091697792	0.11409204928664564	0.19237417458680015
11	q11	0.18077975802239538	0.06266060424169397	0.002771648189491518	0.18399079660739562	0.003002520957991173	0.0034959585632659456	0.001099345512582752	9.888627678790126E-4	0.4174390024626945	0.002396008801016545	0.003762276266894916	0.0016900326283050132	0.001423372303751588	0.03502562570116328	0.09947418697347882
12	q12	0.008652725398907326	0.007993632592300204	0.005898913986842072	0.015486796365476294	0.006390281761600462	0.0074404677132032205	0.002339743061595483	0.0021046020323304544	0.010866793271606345	0.005099438623740401	0.008007273137079475	0.003596905677685187	0.0030293710518232275	0.8894325103507508	0.02366054497505913
13	q13	0.04958095864217028	0.005555819699140966	0.091234024529497	0.05433084746467688	0.09157554019599828	0.005171353150713375	0.0016261931534183765	0.001462762929751941	0.6610584930148541	0.003544266168503584	0.005565300295918041	0.0024999597103430205	0.0021055057474043577	0.008244171217989451	0.016444804079620314
14	q14	0.002878603209902187	0.0026593351086675993	0.0019624606068747805	0.04685956849997632	0.022979627207705255	0.0024753072881643834	7.783896491509664E-4	0.14667604534993986	0.003615183026256644	0.0016964898011038257	0.002663873068001358	0.0011966246185054598	0.0010078162465278653	0.6712644563221544	0.09128621999706922
15	q15	0.054313518074633645	0.006086129068751904	0.004491268703538937	0.011791215126969505	0.004865382432544392	0.0056649647468230155	0.0017814151571468749	0.0016023853309769021	0.05599924764559278	0.003882570443900269	0.006096514599377206	0.0027385837352100874	0.47956221981076136	0.009031086826905382	0.3520934982968678
16	q16	0.10715303216478009	0.006391150390369827	0.004716359676835629	0.012382160862901299	0.0051092230351650085	0.0059488783829742195	0.001870695157528886	0.0016826928114582482	0.008688329024127712	0.00407715500737158	0.0064020564173962475	0.0028758345921733345	0.002422073538766911	0.6108932051085736	0.21938715382957755
17	q17	0.07932430438102955	0.00473130389937083	0.0034914732977448398	0.04626783524049443	0.0037823060626856367	0.004403894411976133	0.22399353849721218	0.0012456804446804746	0.006431881974301894	0.04011972352530576	0.1902466123706902	0.002128951219861355	0.001793036508074985	0.26673081728293346	0.12530864088363827
18	q18	0.003370634566368145	0.0031138876000683592	0.29531581845063215	0.006032819573630622	0.026907468706385943	0.0028984044341954884	9.1143755016537E-4	8.198393028302383E-4	0.05306943586675884	0.0019864659170187875	0.27171896131504775	0.0014011602183402862	0.0011800793750972195	0.004620636363074759	0.3266529507603861
19	q19	0.0019732931311651635	0.01611827071831372	0.015640560673754075	0.0035318339000573315	0.0014573326350988329	0.0016968322874286721	5.335889791118017E-4	0.029070537365342174	0.0024782213154898574	0.0011629500238498258	0.2305506817108345	8.202905951599328E-4	0.1007578685210584	0.46015426381075775	0.13405347433257803
20	q20	0.004608467952932926	0.03764292942031668	0.0031417795910757126	0.008248315005224636	0.003403483567416388	0.003962815810086755	0.001246154294786888	0.0011209174650217378	0.005787687258591269	0.0027159765729331594	0.0042646981085602675	0.00191572294059256	0.0016134522669161593	0.8409549286720072	0.07937267107353774
21	q21	0.0027091178378890776	0.0025027597256312667	0.060724558510892576	0.004848825583990652	0.0020007599353234103	0.002329567029438153	7.325599013053132E-4	6.589386169777264E-4	0.0034023295708054476	0.0015966044803109338	0.33614700726800106	0.020752051167777997	9.484784013965682E-4	0.3569796535233495	0.20366678844691033
22	q22	0.0032902916972299976	0.026875790261763257	0.0022431253528548798	0.48261153408561974	0.0024299732227500777	0.002829317701836689	8.897124101720921E-4	8.002975101723137E-4	0.004132214768030928	0.0019391162657659087	0.0030448515474341097	0.21589289308817328	0.0011519508548025316	0.21903562939490495	0.03283330183848926
23	q23	0.009231381996092431	0.008528211932538195	0.006293407668005779	0.01652248587057452	0.0068176359799244045	0.007938053795032596	0.002496214889359863	0.0022453486519574896	0.01159351708716344	0.0054404668738615184	0.07541841028988888	0.003837451067015112	0.003231962196652631	0.7482869469142674	0.0921185047876657
24	q24	0.0761070275884255	0.008528211932538195	0.006293407668005779	0.4177763594245729	0.0068176359799244045	0.007938053795032596	0.002496214889359863	0.0022453486519574896	0.01159351708716344	0.0054404668738615184	0.07541841028988888	0.003837451067015112	0.2707345445659849	0.07953049099093672	0.025242859195332642
25	q25	0.015417856731512351	0.014243452367966708	0.010510978509976808	0.13928796827118833	0.011386522064688896	0.013257795657319372	0.004169070627941651	0.003750084639854431	0.019362993053465727	0.009086433520922614	0.6844247004719655	0.006409145541856288	0.005397884101291314	0.021135577901304284	0.04215953653874568
26	q26	0.003003887534090812	0.002775076312851077	0.0020478720140577316	0.1577055436400148	0.0022184556700971412	0.002583039121329188	8.12267198100345E-4	0.2836275989458237	0.0037725252263572763	0.0017703254646968673	0.0027798117760180737	0.001248704844818423	0.001051679039745848	0.5263891982255356	0.008214014986463153
27	q27	0.2860578602995114	0.005110519214632489	0.16407186864535334	0.009901076823959043	0.004085458939035041	0.0047568677663274925	0.0014958533226939314	0.001345522076626291	0.2874733664883783	0.003260192255466831	0.005119239938957456	0.00229958724857297	0.20231243987698413	0.007583398616187926	0.015126748487313359
28	q28	0.0032136897836570395	0.026250089821717247	0.0021909027202666022	0.07559549386916573	0.002373400548980633	0.3054189471065988	8.689988445006449E-4	7.816656299780794E-4	0.1902855499087376	0.0018939713271809288	0.0029739637731752513	0.0013359188574983104	0.001125132065485412	0.3536233723169841	0.03206890342607367
29	q29	0.009231381996092431	0.008528211932538195	0.006293407668005779	0.01652248587057452	0.0068176359799244045	0.007938053795032596	0.002496214889359863	0.0022453486519574896	0.01159351708716344	0.0054404668738615184	0.008542764697555811	0.003837451067015112	0.003231962196652631	0.4807843645449351	0.4264967327493311
30	q30	0.0036370659406723665	0.003360024443555673	0.0024795354248972772	0.08555455396412685	0.055382656413048265	0.05582408906921801	9.834820136934016E-4	8.846433947187974E-4	0.0045677219454436984	0.08118835680492684	0.13510720965402068	0.0015119147469734658	0.0012733585970076489	0.5319516802738081	0.03629370731388901
31	q31	0.04958095864217028	0.005555819699140966	0.0040999260540450595	0.14146494594012884	0.004441441720546335	0.005171353150713375	0.0016261931534183765	0.001462762929751941	0.09468685292441646	0.5263488570212153	0.005565300295918041	0.0024999597103430205	0.0021055057474043577	0.008244171217989451	0.14714595179279824
32	q32	0.058162301571256236	0.18770966684439155	0.0017442199901219386	0.004579212353979814	0.0018895100379421024	0.0207346412135043	6.918267716544019E-4	6.222991120450652E-4	0.28123225223020576	0.0015078271705211833	0.15064448612343953	0.001063550816234264	8.957393781080502E-4	0.0035072945343045674	0.2850151718522912
33	q33	0.003370634566368145	0.02753204760873434	0.0022978983466403853	0.030450979582296603	0.0024893086977199625	0.0028984044341954884	9.1143755016537E-4	8.198393028302383E-4	0.02865127585809286	0.0019864659170187875	0.5159005614017076	0.0990738002530042	0.0011800793750972195	0.24880223644973457	0.03363503065639432
34	q34	0.007688801336469632	0.17420494435265638	0.005241767842474034	0.23656396465862467	0.005678396653523268	0.0066115906214312984	0.0020790928579869955	0.001870146823446236	0.009656219373426223	0.004531355000634985	0.2856182733828787	0.05889681006922321	0.0026918954569923378	0.12194140585941464	0.0767253357108175
35	q35	0.006287852587733658	0.005808896164350041	0.0042866842372770945	0.011254106436182685	0.004643756488111917	0.005406916550283868	0.0017002688501293328	0.0015293941186218267	0.053448392431427794	0.0037057131560333787	0.005818808617459818	0.002613836869955767	0.0022014148986881686	0.14527450023593227	0.7460194583578125
36	q36	0.0393062219895611	0.0044044788243096464	0.003250292209639018	0.18122612052034834	0.003521035070770282	0.004099685857132082	0.0012891946996724949	0.0011596323671327433	0.35137342656920895	0.03734836663691488	0.004411994742753312	0.001981889298447828	0.0016691786236941114	0.21376722368592518	0.15119125890449006
37	q37	0.006013909404444303	0.1362569674123189	0.3090692707181269	0.010763798226950906	0.004441441720546335	0.005171353150713375	0.0016261931534183765	0.001462762929751941	0.09468685292441646	0.003544266168503584	0.005565300295918041	0.0024999597103430205	0.0021055057474043577	0.09537826969344142	0.32141414874370217
38	q38	0.0053187435217584445	0.004913605783789561	0.003626003265617165	0.04805058133580214	0.0424590450406534	0.004573580880476102	0.0014382165939314042	0.001293677761546764	0.50758274695321	0.0031345737781126306	0.004921990489859994	0.04074198477753266	0.0018621240030247638	0.00729120266187324	0.32279192315281174
39	q39	0.07669690858352046	0.0023635967217491734	0.0017442199901219386	0.31966753156247185	0.0018895100379421024	0.0022000342012400615	0.01922643378391864	6.222991120450652E-4	0.058816968083034916	0.0015078271705211833	0.020902237037589838	0.001063550816234264	8.957393781080502E-4	0.30006100673053243	0.19234213679097
40	q40	0.26291489418421166	0.00411988858755673	0.0030402783881734756	0.007981837402109193	0.13252118332111013	0.0038347894607061836	0.001205894895215402	0.001084704080932984	0.16713527469990236	0.002628231751498177	0.03643383282484962	0.0018538318443966685	0.0015613266033646755	0.006113421376887023	0.3675706105790858
41	q41	0.12950338370600387	0.0039909532057554814	0.034240972196915444	0.007732039080857315	0.034486295680730035	0.035010618376549896	0.001168155399250298	0.0010507573535290258	0.005425426167994525	0.0025459790261781095	0.003997763473213548	0.0017958146161214858	0.0015124635728620333	0.7257264599584957	0.011812918185543208
42	q42	0.006013909404444303	0.005555819699140966	0.0040999260540450595	0.31573314289103277	0.004441441720546335	0.005171353150713375	0.0016261931534183765	0.21929800911838185	0.18182095139986842	0.003544266168503584	0.005565300295918041	0.0024999597103430205	0.0021055057474043577	0.09537826969344142	0.14714595179279824
43	q43	0.008652725398907326	0.25872818021693356	0.005898913986842072	0.14085407017779297	0.006390281761600462	0.0074404677132032205	0.002339743061595483	0.0021046020323304544	0.010866793271606345	0.005099438623740401	0.008007273137079475	0.003596905677685187	0.0030293710518232275	0.011861593664534013	0.5251296402243258
44	q44	0.007688801336469632	0.06280373629404631	0.005241767842474034	0.013761548541404545	0.005678396653523268	0.0066115906214312984	0.0020790928579869955	0.1689719589113613	0.28815923951995137	0.004531355000634985	0.007115253236353566	0.0031962060399181843	0.0026918954569923378	0.40044442600593977	0.02102473168151247
45	q45	0.31981654972410817	0.003360024443555673	0.0024795354248972772	0.032857973333554225	0.029034366097761957	0.0031275084386453763	9.834820136934016E-4	0.23801925623229564	0.08361259289130266	0.13388493743549945	0.0033657580775890805	0.0015119147469734658	0.0012733585970076489	0.004985873968081746	0.1416868685750343
46	q46	0.006013909404444303	0.005555819699140966	0.0040999260540450595	0.18503199517785482	0.004441441720546335	0.005171353150713375	0.17589439010432228	0.001462762929751941	0.0075527544489645045	0.003544266168503584	0.5719369403863558	0.0024999597103430205	0.0021055057474043577	0.008244171217989451	0.016444804079620314
47	q47	0.006287852587733658	0.005808896164350041	0.04983828218567816	0.011254106436182685	0.004643756488111917	0.005406916550283868	0.0017002688501293328	0.0015293941186218267	0.007896794483026734	0.049257311104434445	0.5524379839982726	0.002613836869955767	0.0022014148986881686	0.2819292940811355	0.017193891183395406
48	q48	0.025892083464082984	0.0029013506656808273	0.0021410563751708936	0.005621052309499316	0.002319402102714412	0.0027005752020017463	0.0236007377842185	7.638815566000515E-4	0.003944186516998596	0.0018508806196370767	0.0029063016067227897	0.001305524686285349	0.0010995336120736563	0.8916141460484449	0.03133928744986889
49	q49	0.003454999291907777	0.0031918261210110467	0.0023554132031207114	0.006183817006766148	0.002551614427080843	0.002970949555827356	9.342502215636427E-4	0.07592834992652812	0.004339067903790093	0.0020361858283836375	0.0031972727370055366	0.0014362303201059304	0.001209615971436801	0.7055575333503917	0.18465287413508066
50	q50	0.008652725398907326	0.007993632592300204	0.005898913986842072	0.015486796365476294	0.006390281761600462	0.0074404677132032205	0.002339743061595483	0.0021046020323304544	0.07355043017776468	0.005099438623740401	0.5721600052925045	0.003596905677685187	0.0030293710518232275	0.011861593664534013	0.27439509259969247
51	q51	0.004767637910799578	0.0044044788243096464	0.037788876288400546	0.04307178420530222	0.07259820322829333	0.004099685857132082	0.1394435310147186	0.03569821644589427	0.2477576743329244	0.0028097825581533576	0.004411994742753312	0.001981889298447828	0.0016691786236941114	0.0065357192133560435	0.39296134745582073
52	q52	0.032558976338787404	0.06086790040650596	0.00269235204482097	0.12150737940331796	0.002916619602558001	0.03200568390797123	0.001067893519094115	9.6057165741328E-4	0.033569509833212	0.002327459603020327	0.11809361380117862	0.0016416812277556504	0.0013826499867756216	0.5776086841713389	0.010799024496249948
53	q53	0.008142334273724605	0.06650828811500727	0.005550959647798721	0.014573289573333176	0.12398568209585799	0.06598775231311288	0.0022017305812737356	0.0019804596205674936	0.010225802764069427	0.0637848115618293	0.007534954768280269	0.003384737990468199	0.0028506800581241474	0.6010236165728394	0.02226490006371342
54	q54	0.0016843533611433277	0.1235770231625948	0.0011482920285540946	0.039620975500915846	0.0012439424652449813	0.4773301557997243	4.5545812542575306E-4	4.096851966979712E-4	0.0021153473533542656	0.025396858848281863	0.0015587085918311533	7.001794103727863E-4	5.897022126615856E-4	0.002308996788445089	0.32186032115475216
55	q55	0.1770943266160123	0.002775076312851077	0.0020478720140577316	0.00537640944333352	0.1980701996372588	0.002583039121329188	8.12267198100345E-4	0.3489115136015442	0.0037725252263572763	0.0017703254646968673	0.0027798117760180737	0.023010009730058605	0.001051679039745848	0.004117880979771273	0.22582706383886497
56	q56	0.12611467284977007	0.007522118826984529	0.18250946751186692	0.014573289573333176	0.006013343519812534	0.007001583025090148	0.0022017305812737356	0.0019804596205674936	0.010225802764069427	0.004798642273806568	0.42043813978443945	0.003384737990468199	0.0028506800581241474	0.011161923692612073	0.19922340792778162
57	q57	0.002467029683134532	0.002279111837267662	0.0731702831527541	0.11164814542920826	0.43075242451630447	0.0021213957289335046	6.670979740779761E-4	6.000555253492915E-4	0.21756352241700674	0.0014539310878488006	0.020155103203261672	0.0010255350384059411	8.637218866347182E-4	0.0033819290813714327	0.13185071343844096
58	q58	0.024237747408248654	0.024013809370914747	0.002004256771387266	0.23953810152212104	0.0021712073646655747	0.5136760942674796	7.949676643818249E-4	7.150744838427232E-4	0.04628785095962274	0.0017326213629666693	0.0027206078002046576	0.0012221101335978582	0.001029280551844707	0.04662585138277713	0.0932304189559449
59	q59	0.0024237128394918304	0.0022390945112605756	0.26502682123612215	0.07457119691526116	0.0017899802940143433	0.0020841476294385067	6.553848687047227E-4	5.895195713045597E-4	0.07327708895495093	0.036544999578686704	0.037359512407903195	0.0010075283880553463	8.485563999079438E-4	0.003322548160975558	0.4982599082439225
60	q60	0.008652725398907326	0.007993632592300204	0.005898913986842072	0.32890498089626796	0.19444119248007544	0.0074404677132032205	0.002339743061595483	0.0021046020323304544	0.010866793271606345	0.005099438623740401	0.008007273137079475	0.003596905677685187	0.0030293710518232275	0.387963415101484	0.02366054497505913
61	q61	0.004767637910799578	0.0044044788243096464	0.003250292209639018	0.008533200126540698	0.038059619149531806	0.0386382699358936	0.0012891946996724949	0.0011596323671327433	0.5240663469630166	0.0028097825581533576	0.004411994742753312	0.03652047337720935	0.0016691786236941114	0.24830580776468672	0.082114090746967
62	q62	0.003370634566368145	0.02753204760873434	0.22206133842463419	0.006032819573630622	0.0024893086977199625	0.0028984044341954884	9.1143755016537E-4	8.198393028302383E-4	0.5902689560574104	0.0019864659170187875	0.00311920121972199	0.0014011602183402862	0.0011800793750972195	0.0778751163890727	0.058053190665060296
63	q63	0.0017937935771505152	0.0016571572702376366	0.027212749014420234	0.08118010396908512	0.0013247671515830757	0.0015424808461649722	4.8505134308347094E-4	0.05241599863600585	0.0022527912393118894	0.0010571628970791017	0.04064475581211672	7.456733000058788E-4	0.3514909544149616	0.3793118066489233	0.0568847538798707
64	q64	0.004320016184200698	0.0039909532057554814	0.002945130316464647	0.03902788096130812	0.0031904538002792363	0.0037147764960991036	0.001168155399250298	0.0010507573535290258	0.005425426167994525	0.0025459790261781095	0.09788528911456595	0.0017958146161214858	0.0015124635728620333	0.7883181437193973	0.043108760065994005
65	q65	0.001644227318722819	0.0015189837280347362	0.0368551624534687	0.07441131821575725	0.0012143082511420625	0.16817359023019351	4.446078297079984E-4	3.99925341099382E-4	0.002064953819792408	9.690168020775374E-4	0.0849014363727853	6.834991641900529E-4	5.756538445776672E-4	0.4310647016934223	0.19507861493502832
66	q66	0.0345350544609101	0.003869843204718475	0.5187400361361518	0.007497401586298283	0.003093635861521371	0.09464044959153989	0.0011327063988935504	0.24378794346606128	0.0052607854581299155	0.0024687184053179215	0.03422258087389402	0.001741318585021173	0.001466566150508498	0.03608851803447158	0.011454441786562132
67	q67	0.0049381962160034345	0.0045620454133911865	0.039140742100338195	0.08038681505465273	0.003646997189846813	0.1473430422244685	0.0013353145743710034	0.0012011172564842768	0.006201786713434194	0.002910300206531068	0.004569830207604318	0.002052789749817935	0.0017288921091697792	0.47183378302341006	0.2281483479604766
68	q68	0.002763351036453938	0.0025528618892440747	0.02190265544735305	0.0049458930932090184	0.002040812682138425	0.0023762020888330277	7.472248472270091E-4	6.721297555678635E-4	0.003470440013480161	0.0016285665332712131	0.34287625585851417	0.04118624856673846	9.674657694460518E-4	0.0037881413815610897	0.5680817510369625
69	q69	0.0027091178378890776	0.0025027597256312667	0.001846915551942202	0.22073351643347536	0.0020007599353234103	0.002329567029438153	7.325599013053132E-4	6.589386169777264E-4	0.02302821055712224	0.0015966044803109338	0.3165211262816843	0.0011261701814612051	9.484784013965682E-4	0.3766055345096663	0.04665974055637599
70	q70	0.004188920393903305	0.003869843204718475	0.0028557569970364045	0.12888193785432545	0.003093635861521371	0.0036020473905195144	0.0011327063988935504	0.12240340719803411	0.0052607854581299155	0.0024687184053179215	0.003876446806887227	0.001741318585021173	0.12285110241853565	0.005742383967464786	0.5880309890596912
71	q71	0.1707233443114179	0.0035469358337081413	0.002617466984915752	0.17375575928940637	0.002835496766456969	0.003301485431908609	0.0010381911366350357	0.05656183956451648	0.25514774869482654	0.0022627236587984623	0.1704369441385315	0.0015960195182023855	0.0013441929702473366	0.005263228091587164	0.14956862360884138
72	q72	0.08238074938571202	0.004913605783789561	0.003626003265617165	0.31776760185963965	0.003928042108676611	0.08163558674442967	0.0014382165939314042	0.001293677761546764	0.006679708837511848	0.0031345737781126306	0.004921990489859994	0.0022109818455558683	0.0018621240030247638	0.4696632378455947	0.014543899696997412
73	q73	7.628385698964077E-4	7.047318589074425E-4	0.011572644035266467	0.20583818311770447	5.633778001171725E-4	6.559639290548957E-4	2.06275614762712E-4	1.8554519304943818E-4	0.012010620482489229	0.017028453981194607	7.05934431876341E-4	3.171091484729348E-4	2.670743579994151E-4	0.6089379693578467	0.1402432781213618
74	q74	0.019637215274979816	0.036711106982643696	0.0016238316631962807	0.05602912233582608	0.001759093603395229	0.0020481849860226617	6.440759901970526E-4	0.01783467160662312	0.0029913714679011987	0.0014037549827351668	0.43358732279771034	9.901431588905882E-4	0.052599887444228347	0.29660573108948124	0.07553448661616925
75	q75	0.003949232515169098	0.0036484127592693433	0.3460092779282407	0.007068404108844717	0.06013610724979462	0.03200568390797123	0.001067893519094115	9.6057165741328E-4	0.062179253656830316	0.002327459603020327	0.17531310144841525	0.0016416812277556504	0.0013826499867756216	0.005413807698972744	0.2968964627324331
76	q76	0.503513899894615	0.002775076312851077	0.023809176899297915	0.09242162898429425	0.0022184556700971412	0.002583039121329188	8.12267198100345E-4	7.306354377012805E-4	0.0037725252263572763	0.0017703254646968673	0.0027798117760180737	0.001248704844818423	0.001051679039745848	0.004117880979771273	0.3563948931503061
77	q77	0.06040133145430225	0.0024545863069013775	0.001811365900359082	0.10099609321014927	0.001962249068636833	0.0022847272444523363	0.11620717758222161	0.21237557177049377	0.0033368411240348914	0.328783907410639	0.002458774877497695	0.001104493523028098	9.302219756123438E-4	0.13837914994603617	0.026513508605635318
78	q78	0.005121410441038918	0.00473130389937083	0.0034914732977448398	0.00916638827049911	0.0037823060626856367	0.004403894411976133	0.001384856677240291	0.0012456804446804746	0.15483766985428316	0.003018276555310447	0.04184082449070895	0.002128951219861355	0.001793036508074985	0.674846733952882	0.08820719391364296
79	q79	0.0032902916972299976	0.0030396645838863473	0.0022431253528548798	0.02972514620595852	0.0024299732227500777	0.002829317701836689	8.897124101720921E-4	8.002975101723137E-4	0.027968340445907836	0.0019391162657659087	0.0030448515474341097	0.0013677619872810858	0.0011519508548025316	0.8149387713418277	0.10434167887212
80	q80	0.005531892903440284	0.005110519214632489	0.003771315847598389	0.8514789790121724	0.004085458939035041	0.0047568677663274925	0.0014958533226939314	0.001345522076626291	0.006947399092307148	0.003260192255466831	0.005119239938957456	0.00229958724857297	0.0019367488797904732	0.007583398616187926	0.09527702488619083
81	q81	0.0032136897836570395	0.0029688975683230556	0.0021909027202666022	0.005751917108983155	0.002373400548980633	0.026044640065868485	8.689988445006449E-4	7.816656299780794E-4	0.004036011881584086	0.0018939713271809288	0.0029739637731752513	0.0013359188574983104	0.001125132065485412	0.8658096018916563	0.07863128793286206
82	q82	0.05785810881951501	0.003450951105137699	0.0025466349005849294	0.14199239134440358	0.0027587645107154815	0.2467639289146049	0.0010100963249084945	0.027969892559243426	0.004691330482974051	0.0022014913934285444	0.0034568398988165643	0.16392068647460528	0.0013078173481767786	0.0051207982469380795	0.3349502676759472
83	q83	0.10838339014708416	0.0044044788243096464	0.003250292209639018	0.008533200126540698	0.003521035070770282	0.14225402217217817	0.0012891946996724949	0.07023680052465579	0.0059875857815937005	0.03734836663691488	0.004411994742753312	0.001981889298447828	0.07074634678121716	0.0065357192133560435	0.5311156837708668
84	q84	0.004320016184200698	0.0039909532057554814	0.002945130316464647	0.007732039080857315	0.0031904538002792363	0.0037147764960991036	0.001168155399250298	0.032346599233979825	0.005425426167994525	0.0025459790261781095	0.28566034039727073	0.0017958146161214858	0.0015124635728620333	0.5692472505562418	0.0744046019464448
85	q85	0.29522180813532173	0.19796137229421715	0.0030402783881734756	0.07259566530432933	0.00329352751666985	0.0038347894607061836	0.001205894895215402	0.001084704080932984	0.16713527469990236	0.002628231751498177	0.03643383282484962	0.0018538318443966685	0.0015613266033646755	0.19995490508354744	0.012194557116875056
86	q86	0.003003887534090812	0.002775076312851077	0.0020478720140577316	0.1577055436400148	0.0022184556700971412	0.002583039121329188	8.12267198100345E-4	7.306354377012805E-4	0.04729513499683764	0.0017703254646968673	0.0027798117760180737	0.001248704844818423	0.001051679039745848	0.7440022470779375	0.029975319871703335
87	q87	0.010656733917349328	0.009844992374304631	0.007265127906063525	0.019073605192636157	0.2394746112125478	0.009163712123610014	0.0028816376451211586	0.0025920369394006808	0.5537936522751711	0.006280490601021273	0.009861792128081488	0.004429964544781996	0.003730986452000147	0.014608789911975962	0.10634186677593473
88	q88	0.008142334273724605	0.007522118826984529	0.12352329822384418	0.1915317974374014	0.006013343519812534	0.007001583025090148	0.0022017305812737356	0.0019804596205674936	0.010225802764069427	0.004798642273806568	0.007534954768280269	0.003384737990468199	0.0028506800581241474	0.6010236165728394	0.02226490006371342
89	q89	0.004767637910799578	0.28071315145440184	0.003250292209639018	0.008533200126540698	0.003521035070770282	0.004099685857132082	0.0012891946996724949	0.0011596323671327433	0.2822962584116859	0.0028097825581533576	0.004411994742753312	0.001981889298447828	0.0016691786236941114	0.0065357192133560435	0.39296134745582073
90	q90	0.007688801336469632	0.007103132264741283	0.005241767842474034	0.45936638077584474	0.005678396653523268	0.0066115906214312984	0.0020790928579869955	0.001870146823446236	0.009656219373426223	0.004531355000634985	0.007115253236353566	0.0031962060399181843	0.0026918954569923378	0.4561450300352448	0.02102473168151247
91	q91	0.010656733917349328	0.009844992374304631	0.007265127906063525	0.019073605192636157	0.007870298576546314	0.009163712123610014	0.0028816376451211586	0.0025920369394006808	0.013383589457834258	0.006280490601021273	0.009861792128081488	0.004429964544781996	0.003730986452000147	0.8638246029106481	0.0291404292306009
92	q92	0.026494882037051228	0.0029688975683230556	0.0021909027202666022	0.005751917108983155	0.0954981695625574	0.0027634478124742975	8.689988445006449E-4	7.816656299780794E-4	0.6093470104698331	0.0018939713271809288	0.0029739637731752513	0.0013359188574983104	0.001125132065485412	0.0742490652762538	0.17175605694643883
93	q93	0.04560703110287902	0.005110519214632489	0.003771315847598389	0.009901076823959043	0.004085458939035041	0.08490714416520496	0.0014958533226939314	0.001345522076626291	0.006947399092307148	0.003260192255466831	0.005119239938957456	0.00229958724857297	0.0019367488797904732	0.8090861626049627	0.015126748487313359
94	q94	0.19885563150125246	0.02453638119809126	0.24142222575169972	0.20122815341049516	0.0022184556700971412	0.024344344006569367	8.12267198100345E-4	7.306354377012805E-4	0.06905643988207782	0.0017703254646968673	0.0027798117760180737	0.001248704844818423	0.001051679039745848	0.025879185865011454	0.2040657589536248
95	q95	0.007283126775833691	0.1650135878370878	0.004965203034333519	0.01303546525300893	0.005378794548236939	0.0062627515757751415	0.0019693962947939002	0.0017714746172432074	0.5367641711141302	0.004292272812329659	0.006739840073214598	0.10855105477930291	0.002549866360517507	0.00998407859252488	0.1254389163316672
96	q96	0.003003887534090812	0.02453638119809126	0.0020478720140577316	0.24475076318097552	0.0022184556700971412	0.002583039121329188	8.12267198100345E-4	7.306354377012805E-4	0.06905643988207782	0.0017703254646968673	0.0027798117760180737	0.06653261950053897	0.15338081323642713	0.4175826737993347	0.008214014986463153
97	q97	0.0035436956196956177	0.0032737662986933014	0.2077909223989394	0.006342567215918664	0.002617119166877064	0.1057347400719632	9.582341812946202E-4	8.619329355018867E-4	0.030122340098830244	0.02776033871075261	0.0032793527395609005	0.0014731010527712937	0.0012406690876997349	0.36426419950214234	0.2407370209193591
98	q98	0.15727049076157482	0.006391150390369827	0.004716359676835629	0.31308691244366965	0.0051092230351650085	0.30665362996374257	0.001870695157528886	0.0016826928114582482	0.008688329024127712	0.00407715500737158	0.0064020564173962475	0.0028758345921733345	0.002422073538766911	0.15983607773742106	0.01891731944239863
99	q99	0.11198072793106234	0.003450951105137699	0.0025466349005849294	0.006685843565535218	0.0027587645107154815	0.030273452468415524	0.0010100963249084945	0.21739905944965915	0.19412049737338977	0.0022014913934285444	0.21994731634500594	0.001552829139963254	0.02836912690395045	0.14042734602580642	0.03727586256243681
100	q100	0.4737302615094921	0.0025027597256312667	0.001846915551942202	0.004848825583990652	0.0020007599353234103	0.002329567029438153	7.325599013053132E-4	6.589386169777264E-4	0.0034023295708054476	0.0015966044803109338	0.15951407839114995	0.0011261701814612051	9.484784013965682E-4	0.19997260563281516	0.14478914548795996
101	q101	0.0053187435217584445	0.004913605783789561	0.003626003265617165	0.009519578403825349	0.003928042108676611	0.043104583812452885	0.0014382165939314042	0.1939486924214307	0.12227271763344222	0.0031345737781126306	0.004921990489859994	0.0022109818455558683	0.04039312693500155	0.5467252437095483	0.014543899696997412
102	q102	0.0049381962160034345	0.11188456553442051	0.003366568726661754	0.008838468307299842	0.003646997189846813	0.004246348729762734	0.0013353145743710034	0.0012011172564842768	0.006201786713434194	0.002910300206531068	0.040344003581280756	0.002052789749817935	0.0017288921091697792	0.793801343386498	0.013503307718417921
103	q103	0.20590758390063396	0.005110519214632489	0.003771315847598389	0.009901076823959043	0.004085458939035041	0.08490714416520496	0.0014958533226939314	0.001345522076626291	0.4477739192861332	0.003260192255466831	0.005119239938957456	0.00229958724857297	0.0019367488797904732	0.007583398616187926	0.21550243948450706
104	q104	0.008652725398907326	0.007993632592300204	0.005898913986842072	0.015486796365476294	0.006390281761600462	0.0074404677132032205	0.002339743061595483	0.0021046020323304544	0.010866793271606345	0.005099438623740401	0.008007273137079475	0.003596905677685187	0.0030293710518232275	0.8894325103507508	0.02366054497505913
105	q105	0.29366915043573943	0.002320585579985809	0.0017124798491024039	0.040890536356617685	0.12923641299721375	0.0021599994601003976	6.792373738618306E-4	6.109749317899927E-4	0.2579172503411839	0.0014803887468725226	0.020521872201184965	0.0010441970345554078	8.794393159949493E-4	0.02164079786275087	0.2252366775130461
106	q106	0.10203909218685106	0.19698842551762155	0.004491268703538937	0.011791215126969505	0.004865382432544392	0.0056649647468230155	0.04950698926936428	0.0016023853309769021	0.19917596998224502	0.003882570443900269	0.10154766282381203	0.0027385837352100874	0.0023064786885872504	0.009031086826905382	0.3043679241846504
107	q107	0.005121410441038918	0.30154287965933335	0.0034914732977448398	0.00916638827049911	0.0037823060626856367	0.3754183641119293	0.001384856677240291	0.0012456804446804746	0.006431881974301894	0.003018276555310447	0.004739377520713632	0.002128951219861355	0.001793036508074985	0.26673081728293346	0.014004299973652332
108	q108	0.32915038133117575	0.1426560510886882	0.0021909027202666022	0.09887668612255993	0.002373400548980633	0.0027634478124742975	8.689988445006449E-4	7.816656299780794E-4	0.004036011881584086	0.0018939713271809288	0.0029739637731752513	0.0246171111108925	0.001125132065485412	0.004405488516071224	0.38128678722698656
109	q109	0.22384915559307417	0.005555819699140966	0.0040999260540450595	0.010763798226950906	0.004441441720546335	0.005171353150713375	0.0016261931534183765	0.001462762929751941	0.09468685292441646	0.003544266168503584	0.17983349724682196	0.0024999597103430205	0.0021055057474043577	0.008244171217989451	0.4521152964568801
110	q110	0.003949232515169098	0.0036484127592693433	0.00269235204482097	0.007068404108844717	0.2317945701915045	0.0033959400843529223	0.2585555879316589	9.6057165741328E-4	0.0049597660095936896	0.002327459603020327	0.0036546385067053734	0.0016416812277556504	0.0013826499867756216	0.29151124593515587	0.1824574874379598
111	q111	0.34360960995775774	0.008528211932538195	0.006293407668005779	0.01652248587057452	0.0068176359799244045	0.007938053795032596	0.002496214889359863	0.0022453486519574896	0.01159351708716344	0.0054404668738615184	0.008542764697555811	0.003837451067015112	0.003231962196652631	0.5476600101372683	0.025242859195332642
112	q112	0.2691368636502599	0.18047007841218	0.002771648189491518	0.007276585351666591	0.003002520957991173	0.0034959585632659456	0.001099345512582752	9.888627678790126E-4	0.00510584286599341	0.002396008801016545	0.06266701335213794	0.0016900326283050132	0.001423372303751588	0.4473587852978644	0.0111170813456143
113	q113	0.007283126775833691	0.006728358625192288	0.004965203034333519	0.22408243753553628	0.005378794548236939	0.0062627515757751415	0.0019693962947939002	0.0017714746172432074	0.6950494003260257	0.004292272812329659	0.006739840073214598	0.003027568638039219	0.002549866360517507	0.00998407859252488	0.019915430190403535
114	q114	0.015816380426588575	0.0017723126044684719	0.001307880927830732	0.0034336634920910255	0.0014168248016676113	0.0016496673519812352	5.187574073991909E-4	4.666229860104064E-4	0.0024093369895399636	0.001130624812212917	0.01567327362676867	7.974899016232217E-4	0.09795721556329413	0.6558329246703012	0.19981702443822272
115	q115	0.006287852587733658	0.005808896164350041	0.04983828218567816	0.011254106436182685	0.004643756488111917	0.005406916550283868	0.0017002688501293328	0.0015293941186218267	0.41786117601863626	0.0037057131560333787	0.37023159220466834	0.002613836869955767	0.0022014148986881686	0.008619706390729086	0.10829708708019753
116	q116	0.003735489707967662	0.003450951105137699	0.0296079444563586	0.006685843565535218	0.0027587645107154815	0.030273452468415524	0.0010100963249084945	0.027969892559243426	0.38354966426380543	0.0022014913934285444	0.05757945901036392	0.001552829139963254	0.0013078173481767786	0.14042734602580642	0.30788895812017353
117	q117	0.0015518063223966185	0.012675478372546968	0.001057929334173871	0.01401932535507531	0.0011460527385740984	0.13623690562620713	4.196166997540447E-4	3.7744578607701995E-4	0.0019488840481618954	9.145489695065521E-4	0.09137105514447962	6.450801007045745E-4	5.4329669952293E-4	0.6091885865284313	0.127903988274388
118	q118	0.0025584805344635105	0.0023635967217491734	0.0017442199901219386	0.004579212353979814	0.0018895100379421024	0.4284959954833176	6.918267716544019E-4	0.019156906124309307	0.0032131470462421936	0.0015078271705211833	0.2247829141724965	0.001063550816234264	8.957393781080502E-4	0.07764572258336153	0.2294113508154985
119	q119	0.005531892903440284	0.1253359338129487	0.003771315847598389	0.09005135322283651	0.004085458939035041	0.3253579733618374	0.0014958533226939314	0.001345522076626291	0.006947399092307148	0.003260192255466831	0.08526951633783493	0.00229958724857297	0.0019367488797904732	0.3281845042116978	0.015126748487313359
120	q120	0.002192711175157081	0.03379535768457512	0.0014948601768724127	0.003924552079539031	0.1286980552417238	0.017770344112177136	5.929207875711078E-4	5.333330462714154E-4	0.002753784264063436	0.1124861045729672	0.09733815246908235	0.01679633638176261	7.676813319268144E-4	0.05066038296669142	0.530195423709619
121	q121	0.16079922558645468	0.0039909532057554814	0.002945130316464647	0.007732039080857315	0.0031904538002792363	0.4418565628224103	0.001168155399250298	0.0010507573535290258	0.09931295180934692	0.0025459790261781095	0.19177281475591834	0.0017958146161214858	0.0015124635728620333	0.005922096708127399	0.0744046019464448
122	q122	0.00230243245059872	0.0021270522558129177	0.0015696616222573047	0.08751941917337971	0.01838010852057642	0.0019798587752102343	6.22590005197776E-4	5.60020547450353E-4	0.5866809836359274	0.0013569265665843335	0.0021306819136947693	9.571125827119127E-4	8.060954084481839E-4	0.0031562908690582155	0.2898507656730918
123	q123	0.003735489707967662	0.08463487977245872	0.0025466349005849294	0.14199239134440358	0.029820074066489153	0.003212142912641853	0.0010100963249084945	9.085830034697533E-4	0.004691330482974051	0.19163065828384424	0.32819255456810065	0.001552829139963254	0.0013078173481767786	0.1945499651373538	0.010214553006663143
124	q124	0.7270031967123531	0.031360928453754905	0.002617466984915752	0.11812777404931285	0.002835496766456969	0.003301485431908609	0.0010381911366350357	9.33854324422961E-4	0.004821815114405692	0.0022627236587984623	0.0035529884182509317	0.0015960195182023855	0.0013441929702473366	0.005263228091587164	0.09394063836874783
