0	q0	0.09149639137610968	0.025717250801481788	4.665799138551824E-4	0.0010104556221907487	0.0013320339567875147	0.015600079322856463	0.0012140352012708151	0.17438184417945501	0.03033425194238463	4.74551415152069E-4	5.59690145583816E-4	0.12932645650025756	9.739551817259568E-5	7.988096049656486E-4	4.0971528577402717E-4	0.1300523876902388	0.151608046635569	0.03818049832751511	0.0024485467208402337	0.20449097983953934
1	q1	0.26960723658377383	0.001624040341459672	2.5149889477868773E-4	5.446622639712718E-4	7.1800147839995E-4	2.500300682157909E-4	6.543970331238905E-4	1.6993557342501054E-4	3.3313556903262564E-5	2.5579574448515865E-4	0.16347818068757672	0.012598602720820933	5.249875626752367E-5	4.305794716439857E-4	2.2084735859007558E-4	7.516618333197512E-4	1.324942670618983E-4	1.8323523529089556E-4	0.0013198313425391768	0.5467231567883525
2	q2	0.0027079819793878446	0.16292064629463388	0.0018606862890402603	0.004029622506376329	0.0053120531903134045	0.001849819340901322	0.3066522157961905	0.0012572492287505127	2.4646660425131986E-4	0.0018924760483627916	0.15313736949745976	0.0026661254880276167	3.8840614414869205E-4	0.003185593797281593	0.0016339143456710482	0.0055610855406886105	9.802439343339967E-4	0.0013556452813633887	0.07012677034560816	0.2722356283472091
3	q3	3.3841276333911274E-4	0.06939189881244368	2.3252739256546178E-4	5.03576352418919E-4	0.2797686775621135	2.3116936508346493E-4	6.050334175375748E-4	1.5711669757994813E-4	0.6261308417393636	2.365001148287964E-4	2.789303318307493E-4	3.331820154934065E-4	4.853857874230086E-5	0.007941473241517553	2.0418801638515796E-4	0.012010022154708385	1.224997289824508E-4	1.6941311621191825E-4	0.0012202715283376043	7.572707051642956E-5
4	q4	3.040134554531556E-4	0.0013489036357502556	2.088912232618743E-4	4.523883362813977E-4	5.963612971690465E-4	0.2848247794412125	5.435323955140285E-4	1.4114594753863964E-4	2.7669742480778007E-5	2.1246012241010704E-4	2.5057735167508276E-4	2.9931440772372996E-4	0.5658895221818436	3.57632873982656E-4	1.8343251540182932E-4	6.243190848993407E-4	0.06448772699451732	1.5219244791622082E-4	0.0010962321877596324	0.07799890435720885
5	q5	0.0013168956425694892	0.13793695366866165	9.048544949253404E-4	0.0019596113859836383	0.0025832593247176747	0.3971812858290507	0.046385722046424445	6.114021598251825E-4	1.1985707425233051E-4	9.203139019113638E-4	0.0010854263738282633	0.0012965407689015365	0.058897284845010084	0.0015491589761556864	7.945749633948394E-4	0.0027043641251056306	0.16192480057232775	6.592523057708457E-4	0.004748550978288924	0.17641989056289456
6	q6	0.47391691847199224	0.0034880817345776752	5.401643535255723E-4	0.0011698148414000427	0.019065471635730993	5.370096368756779E-4	0.0014055010088910068	3.649842646063861E-4	7.155019883535919E-5	0.254638145767044	6.479590241378271E-4	0.018297348693567646	1.1275579069680504E-4	9.247900757044017E-4	4.743315901472005E-4	0.062946172322675	2.8456856709574543E-4	3.935490153986957E-4	0.037881432175318266	0.12283945083177934
7	q7	0.001864082032603839	0.11214899205743047	0.0012808327035087328	0.0027738540985454392	0.00365663545166484	0.0012733522686575337	0.003332710952235938	8.654473019605001E-4	1.6965916764543024E-4	0.001302715684867171	0.43782439146981295	0.0018352694577468689	2.673654847674366E-4	0.2722758746743335	0.0011247306657733258	0.0038280607910522405	6.747663461091283E-4	9.331797740193676E-4	0.15215095152156777	4.17128095697581E-4
8	q8	0.002352914547346522	0.03666361661650607	0.0016167152775960218	0.0035012631131729815	0.004615542984740372	0.0016072731909957455	0.030430439521295823	0.0010924001793527426	2.1415019117266128E-4	0.0016443368008321317	0.0019393453987523097	0.054764078709225644	3.3747878449797407E-4	0.8157046558866315	0.0014196774063897745	0.03105568874391109	8.517154953756494E-4	0.0011778946565525672	0.008484297703219866	5.265147924326221E-4
9	q9	9.738548635407451E-4	0.004320981004492395	6.691471383111125E-4	0.03401064823184698	0.012764174249396267	6.652391247506447E-4	0.251379278790178	4.5213678873088937E-4	8.863526532949029E-5	6.80579493460697E-4	8.026814874302171E-4	9.588022716135552E-4	0.07611651328625413	0.0011456154569570675	5.875945424498149E-4	0.0019998989068568196	3.5251908253956473E-4	4.8752235448414516E-4	0.06863459130733245	0.542909586354045
10	q10	0.0024162784690894786	0.010720995250297658	0.0016602533739734546	0.0035955520290857105	0.004739839425856841	0.0016505570122499677	0.031249930390866782	0.21656159062439947	2.1991724972139032E-4	0.0016886187440435807	0.001991571915103142	0.0023789307542098504	3.465670785522368E-4	0.0028424419963741865	0.0014579092785077707	0.004962046039821969	0.5664040540351514	0.0012096153261040446	0.14336263718579484	5.40693820796331E-4
11	q11	0.0014676851841517213	0.006512099532200132	0.001008463763631091	0.03489936277303011	0.1828135788215597	0.0010025740424653429	0.0026240103182714335	0.017039094252698728	0.24549884459252155	0.0010256933313019863	0.0012097118069636318	0.0014449996003119542	2.1051024251254362E-4	0.018084227778222516	8.855568078250099E-4	0.0030140240658891268	5.312773534784836E-4	7.34739193084295E-4	0.152511436117847	0.32748211042203357
12	q12	6.495499478959037E-4	0.0028820444312642646	4.463134139356188E-4	9.665651798940676E-4	0.20397685674249016	4.4370681402056676E-4	0.0011613020175690002	3.0157001680331284E-4	0.03625602609081303	4.539386627994393E-4	0.13808362737385899	6.395100429079512E-4	9.316501831052186E-5	7.641122802115279E-4	3.9191877426633176E-4	0.03029143538994013	0.4780343037368293	3.251717805278647E-4	0.045778479809039006	0.05806040247662309
13	q13	2.1876911343556577E-4	0.06436469159166316	1.5031883259691007E-4	3.255401808099303E-4	4.2914361166839627E-4	1.4944092697264768E-4	0.029649904352432685	0.7925267686190363	1.991124051561246E-5	1.5288702452590227E-4	1.8031631195822726E-4	2.153876627552808E-4	3.137807727492491E-5	2.5735382882964087E-4	1.3199866009186347E-4	4.492621305223048E-4	0.0025174221229840553	1.0951820159601608E-4	0.02273293484772089	0.08538705266260979
14	q14	0.0042456363056339996	0.066156410983318	0.002917226673690983	0.0063177346604568795	0.008328358923330706	0.0029001892229615113	0.0075905879502697025	0.0019711441994234276	3.86415999478799E-4	0.050285646867475595	0.0034993855783639035	0.004180012737715866	6.089520681750521E-4	0.004994447076711561	0.002561688415609536	0.7658160692292675	0.048855428419950546	0.0021254117892685912	0.015309201261567297	9.50051637330489E-4
15	q15	1.6798147739841647E-4	0.004489714891595318	1.1542205014178719E-4	0.003994348776004859	3.2951716433856515E-4	0.0019869396134006437	3.0032675585444794E-4	7.798965595453208E-5	1.5288810866040796E-5	1.1739403177895673E-4	0.0076272222078610395	1.653850364653071E-4	0.2640031178786482	1.9760868297194535E-4	0.0506505297996728	0.04153318168743543	6.080646974522486E-5	0.5261699502509954	0.0530270854450487	0.04497018931382236
16	q16	4.8464801150615563E-4	0.03996096074416532	3.3300735266487345E-4	7.211822492545591E-4	9.506990944903914E-4	3.31062493043663E-4	0.054881601037528434	0.15146734611234808	4.4110171545557717E-5	3.386967714864148E-4	3.994619745918452E-4	4.771569478798959E-4	6.951311598498512E-5	5.701262826231485E-4	0.6700799099228956	9.952684580713598E-4	1.7543442946889003E-4	2.4262007462434824E-4	0.0017475764326115911	0.07572961832321494
17	q17	1.1515937438347656E-4	0.00436139263621183	7.912736148200929E-5	0.03354177427556462	0.0015093771937820751	7.86652347179971E-5	0.0014893657661467757	5.346565661406164E-5	1.0481214486670265E-5	8.047924964937868E-5	9.491794042654568E-5	1.1337938936303677E-4	0.9459393199222998	1.3547024741197153E-4	6.948368020019105E-5	2.364901748361954E-4	4.168575680352898E-5	5.765003743599899E-5	0.011966545523049469	2.5769365134218417E-5
18	q18	6.495499478959037E-4	0.0028820444312642646	4.463134139356188E-4	9.665651798940676E-4	0.0012741753450546721	0.051119377163379436	0.030118827931488356	0.5577339438597508	5.911869841383322E-5	4.539386627994393E-4	5.35379282742053E-4	6.395100429079512E-4	9.316501831052186E-5	7.641122802115279E-4	3.9191877426633176E-4	0.05200957982537965	2.3512615715997375E-4	3.251717805278647E-4	0.01682095389511965	0.28248122830949807
19	q19	0.0010297378800636016	0.00456893320138451	7.075450166669333E-4	0.0015323052253510738	0.0020199626262708543	7.03412748348855E-4	0.001841023437164111	4.780818947021987E-4	9.372145032722887E-5	7.19633398207757E-4	8.487420088733873E-4	0.0010138215205721974	1.4769541397382724E-4	0.0012113546650329053	0.7466043559222769	0.002114659727837457	3.7274779469340254E-4	5.154980013806907E-4	0.03814308479507442	0.19533368327179765
20	q20	0.001377551006649453	0.09823088566688308	9.465315094547526E-4	0.0020498698227418934	0.07946783447898424	9.410034906341156E-4	0.002462863354093582	6.39562949036326E-4	1.2537761380104477E-4	9.627029667573585E-4	0.06254789392914986	0.001356258600626452	1.975822878192913E-4	0.016973630618726178	8.311725738171055E-4	0.21777258270049352	0.49179843842902987	0.01604273542097097	0.004967266174185842	3.0825640614502465E-4
21	q21	0.5653731870526331	0.16712848067442287	6.691471383111125E-4	0.01230298160918958	0.0019103409380675665	6.652391247506447E-4	0.0017411126296179675	4.5213678873088937E-4	8.863526532949029E-5	6.80579493460697E-4	8.026814874302171E-4	9.588022716135552E-4	1.396801069532292E-4	0.0011456154569570675	5.875945424498149E-4	0.034561398840842916	3.5251908253956473E-4	4.8752235448414516E-4	0.0035115914393602484	0.20644075370285522
22	q22	7.660031113711931E-4	0.11438336470054863	5.26329753129581E-4	0.22310909201743	0.0015026131276062527	5.23255834562583E-4	0.0013695035486971639	0.1198775338836699	6.971766693524363E-5	5.353220783134823E-4	6.313636044041573E-4	7.541632236403804E-4	1.098679079691817E-4	9.011045047035689E-4	0.008999461483057726	0.001573056563593449	2.7728024385609816E-4	3.834695028785882E-4	0.0027621055961403575	0.5209453916474924
23	q23	0.0014676851841517213	0.006512099532200132	0.001008463763631091	0.0021839943158225177	0.3954634737934091	0.0010025740424653429	0.0026240103182714335	6.814100240949293E-4	1.335811634646181E-4	0.0010256933313019863	0.0012097118069636318	0.1650218418863499	2.1051024251254362E-4	0.16530338583565668	0.16446239909386295	0.0848024452089081	5.312773534784836E-4	7.34739193084295E-4	0.005292278060412869	3.284258499576829E-4
24	q24	0.001864082032603839	0.07059775805329212	0.16748576872006213	0.16897879011509884	0.00365663545166484	0.12592705428107256	0.003332710952235938	8.654473019605001E-4	1.6965916764543024E-4	0.001302715684867171	0.0015364344263602786	0.0018352694577468689	2.673654847674366E-4	0.0021928536474342497	0.0011247306657733258	0.04537929479519059	6.747663461091283E-4	9.331797740193676E-4	0.006721632507083556	0.39515385113501184
25	q25	0.2102343336407211	0.07012863035323062	8.933167227762283E-5	0.19001185103192902	0.007500008690020638	8.880994937595827E-5	2.3243991332015147E-4	6.036061894773533E-5	1.1832878034326759E-5	9.085790073338774E-5	1.0715861351422624E-4	1.2800086169837248E-4	1.8647404768916067E-5	1.5294056971590332E-4	7.844433621987873E-5	2.6698808603832996E-4	4.7061576370952405E-5	0.12322968790215943	4.6880023491632414E-4	0.3970538137660071
26	q26	0.0013365117601132346	0.005930084804149424	9.18332960157262E-4	0.06157170789888313	0.0026217388495346646	9.129696290513752E-4	0.032180944414058506	6.205094392829758E-4	1.2164243246977868E-4	9.340226462442191E-4	0.00110159458841249	0.0013158536858107355	1.916960243111776E-4	0.001572234824831839	0.5519482975000388	0.002744647593927543	4.8379478002036385E-4	6.690723479237332E-4	0.09419364411171055	0.2386306997090681
27	q27	2.9696989603377393E-4	0.00793724513695054	0.44702662492003137	0.0533986565829875	0.1462136054170562	2.0285979062272474E-4	0.16602078152633884	1.3787579666057586E-4	2.702867389717915E-5	2.075377235175512E-4	0.0035545686708569296	2.923797185576316E-4	4.2594423864220285E-5	3.493470288891673E-4	1.7918264488292888E-4	0.09659396286156585	1.074981079943191E-4	1.4866636533385227E-4	0.007690427727080862	0.06957218698687796
28	q28	0.003189258149155487	0.22742072787116	0.39318643569402484	0.0047457872741775865	0.11289115404514131	0.0021785785327746534	0.005701935524989362	0.0014806938815813088	2.9026988808872816E-4	0.0022288164047114477	0.0381736911776875	0.14531998412427974	4.574356365134669E-4	0.0037517535401679993	0.0019243018164882386	0.006549429617253644	0.0011544578138003867	0.0015965773752784438	0.04704504712913805	7.136645035878343E-4
29	q29	6.842234288200991E-4	0.010661715489235241	0.08435421612620393	0.03914728761451812	0.2224911251339142	4.6739222851673295E-4	0.0012232932216078023	3.176680586225921E-4	0.5948766468754326	4.781702613336501E-4	5.639582448488145E-4	6.736475859028031E-4	9.813823937790294E-5	8.049011874505811E-4	4.128397029606952E-4	0.0014051146003091143	2.476773741240805E-4	3.4252970283352E-4	0.04059634534463249	1.531095793551127E-4
30	q30	0.0019036311441682902	0.008446385926137705	0.1922556147404768	0.002832705298915438	0.0037342160950587433	0.0013003682207739962	0.003403419083614649	8.838089788071881E-4	1.732587245489257E-4	0.001330354622991372	0.6168446558051472	0.0018742072701745081	2.7303801805760546E-4	0.00223937810935707	0.0011485934023925367	0.1099912825614614	6.890824593677975E-4	9.529784901417631E-4	0.006864241356516303	0.04285877969189071
31	q31	0.002352914547346522	0.010439850376998986	0.0016167152775960218	0.0035012631131729815	0.030839309224247456	0.0016072731909957455	0.5549057643114375	0.0010924001793527426	2.1415019117266128E-4	0.0016443368008321317	0.0019393453987523097	0.23833044238577522	3.3747878449797407E-4	0.002767902461911912	0.0014196774063897745	0.004831922504404005	8.517154953756494E-4	0.0011778946565525672	0.08715559642174112	0.052974047271446785
32	q32	2.293962133187719E-4	0.0035745007517942184	1.5762083799999364E-4	3.413538757284457E-4	4.499900280286431E-4	1.5670028654419428E-4	0.018306837233075638	0.11515677996619943	2.087846453748188E-5	0.05640711585543865	1.8907549842499434E-4	0.028349251538143546	3.29023233447057E-5	2.6985525008307415E-4	1.3841073043953055E-4	4.7108583981940683E-4	0.0230930929639741	0.0026715110649853163	0.07752735695416231	0.6724562843239577
33	q33	0.0018261427894197637	0.7408024903087415	0.0012547642029993127	0.002717398468717358	0.0035822127711122903	0.0012474360157595265	0.003264881034309798	8.478330472883403E-4	1.662061326892826E-4	0.0012762018049501769	0.0015051637213598962	0.20532567195716406	2.6192385507078057E-4	0.022500998522045287	0.0011018392749981272	0.0037501491290465264	6.61032978129767E-4	9.141869755471207E-4	0.006584828629453764	4.086383811974767E-4
34	q34	0.0010297378800636016	0.0275222576093674	0.40239072215636756	0.0015323052253510738	0.48403977519391156	7.03412748348855E-4	0.001841023437164111	4.780818947021987E-4	9.372145032722887E-5	7.19633398207757E-4	8.487420088733873E-4	0.0010138215205721974	0.011624357617965275	0.0012113546650329053	6.213126628328421E-4	0.059497970747794685	3.7274779469340254E-4	5.154980013806907E-4	0.003713098183100077	2.3042580394308214E-4
35	q35	0.0016274090436306243	0.007220792160445837	0.0011182119073141488	0.0024216719901425563	0.0031923710969883087	0.0011116812251262373	0.3656664309535829	7.555658717598762E-4	1.4811840838106297E-4	0.0011373165181313976	0.0013413611829686805	0.001602254654460841	2.3341945271444174E-4	0.0019144382032415222	0.3818766295292419	0.003342031435292633	5.890947044115218E-4	8.146986972729719E-4	0.11469527830187952	0.10919122466301308
36	q36	0.003189258149155487	0.1563307171648941	0.002191376809562446	0.0047457872741775865	0.11289115404514131	0.0021785785327746534	0.005701935524989362	0.0014806938815813088	2.9026988808872816E-4	0.0022288164047114477	0.6424387821809475	0.0031399627117479454	4.574356365134669E-4	0.0037517535401679993	0.0019243018164882386	0.04209443497038659	0.0011544578138003867	0.0015965773752784438	0.011500041776005103	7.136645035878343E-4
37	q37	0.06582173100736827	0.006407291087824748	9.92233127451086E-4	0.13090417892164793	0.0028327156389860103	9.864381979128515E-4	0.08305386260286687	0.38693644728929005	1.3143125253783434E-4	0.0010091853952779116	0.0011902422008859804	0.0014217431744107702	2.0712220292043828E-4	0.0016987558380385872	8.713042874242947E-4	0.019059931946296724	5.22726754293901E-4	7.22913994242045E-4	0.005207101931274921	0.2900226431490488
38	q38	4.6457284512411333E-4	0.1159722372912806	3.19213469573483E-4	6.913093243650759E-4	9.113190866330619E-4	3.173491702342887E-4	8.305895244823647E-4	0.2280375572932547	4.2283033061762964E-5	3.2466722039113714E-4	3.8291539766829874E-4	0.23345702937728463	6.663373272950455E-5	5.465104218113692E-4	2.803091903990793E-4	0.006131812008777924	1.6816755685802016E-4	2.3257022762183878E-4	0.07416396409477001	0.33665898973367886
39	q39	0.0029775818253150567	0.013211490734594303	0.0020459315161733926	0.004430801544912423	0.8354865257533216	0.0020339826821259596	0.005323488659211342	0.001382417786349211	2.7100419683433245E-4	0.002080886183638095	0.0024542156105267256	0.0029315582073979815	4.2707487880672E-4	0.003502743469425255	0.10135405688668887	0.006114733170683775	0.0010778345444928095	0.0014906099014271236	0.010736765034735122	6.662974133399407E-4
40	q40	0.0016274090436306243	0.007220792160445837	0.0011182119073141488	0.528419115095916	0.16643295688843524	0.03738736695655889	0.057323102236405375	7.555658717598762E-4	1.4811840838106297E-4	0.0011373165181313976	0.0013413611829686805	0.001602254654460841	2.3341945271444174E-4	0.0019144382032415222	9.819293491989823E-4	0.13030693149530692	5.890947044115218E-4	8.146986972729719E-4	0.0058682211075815486	0.05477769606586409
41	q41	0.001721057875559743	0.04599947144690859	0.001182559121912134	0.04092418714934095	0.04173923593668492	0.0011756526333091164	0.19489280765937153	0.3268859104237873	1.5664184382980628E-4	0.001202763102610912	0.001418549464840235	0.0016944559835799806	2.4685151466702544E-4	0.0020246040538220733	0.0010384342192863796	0.0035343477686757404	0.03898615467832615	0.2502221246889889	0.04456906704311288	3.8512339138571097E-4
42	q42	0.0024831496175639596	0.23241982670281858	0.3061341232861593	0.1697466536824286	0.004871015741023491	0.0016962366160058028	0.00443951488279521	0.0011528651096342048	2.260035180246295E-4	0.0017353517163372423	0.057397220462160795	0.002444768294754265	3.561584145106981E-4	0.030596372966309546	0.0014982573050587643	0.005099371982055433	8.988584005315633E-4	0.001243091751567287	0.03662917372114622	0.13893198582911448
43	q43	7.507489357668731E-5	0.004516739873128587	0.015949392425805762	0.026886970346840205	0.06290177262752933	5.128357249469516E-5	1.3422312735426019E-4	3.485542103539178E-5	0.8350600943881805	5.246616816829179E-5	6.187906381213997E-5	7.391448274002695E-5	0.04770419074854845	8.831599217788515E-5	4.529791798777258E-5	1.541730736452057E-4	2.7175848882847407E-5	3.7583309638235315E-5	0.0036176169658116617	0.002526979752641878
44	q44	9.95464065611883E-4	0.11536358843594023	6.839950753789787E-4	0.012575976719265702	0.0019527301532380691	6.800003455552498E-4	0.2680518932374781	4.621694081665599E-4	9.060202385875418E-5	6.956811070072925E-4	8.204924643119025E-4	9.800774665211756E-4	1.4277951711122366E-4	0.1786858002195858	6.006328807885797E-4	0.05751763920018011	3.6034125027083555E-4	4.983401564653785E-4	0.025778856893372164	0.33306293937989195
45	q45	9.431446587956318E-4	0.07776564804026385	6.48045795193693E-4	0.0014034498651688335	0.0018500989415058558	0.03217894436395411	0.08577869611244478	0.1370881732904565	8.58401803041823E-5	6.591176346437553E-4	7.773691808977329E-4	9.285667455883776E-4	1.3527533901095407E-4	0.0011094888362875328	5.690649346187913E-4	0.012448393842891961	3.414025048988385E-4	4.721484914121953E-4	0.15056271012225544	0.49425442111940693
46	q46	8.785035523360852E-4	0.023480151159093746	6.036301301659444E-4	0.0013072604298590238	0.5206527272877856	6.001047549545231E-4	0.07989960876814892	4.0786752719780176E-4	0.22527574732083602	6.139431295526928E-4	7.24089969154172E-4	8.649247779468267E-4	1.2600385821656074E-4	0.0010334468576649496	5.300624479079387E-4	0.0018040863785379266	3.180035114794168E-4	4.397884492771283E-4	0.1402434657909789	1.9658389890580007E-4
47	q47	4.4832362953474495E-4	0.031969217097596946	3.0804844230043163E-4	0.11559050569286537	8.794441708586567E-4	3.062493499620417E-4	8.015382607435656E-4	2.0814560131991947E-4	4.0804112958696193E-5	3.133114390227122E-4	3.695222884616281E-4	4.413940213360785E-4	0.05003098835526283	0.38527087172113955	2.7050490563667755E-4	9.206730593969101E-4	1.6228561409015714E-4	2.244356932684886E-4	0.03159660667983072	0.37984712986441393
48	q48	0.0016574720105116069	0.007354181142412938	0.1673949815710055	0.03941221019712118	0.003251343453653145	0.019605118652322107	0.7418793798855894	7.695233656474875E-4	1.5085458514194032E-4	0.0011583260540877056	0.00136614001590982	0.0016318529467896682	2.377313872608274E-4	0.001949803431501124	0.0010000684332970879	0.0034037684526378614	5.999769928305269E-4	8.29748546018716E-4	0.005976624177785666	3.7089469847579476E-4
49	q49	0.04100207234376109	0.05959805784639499	4.966495073643537E-4	0.06552240010407898	0.009473732292833971	4.937489300496569E-4	0.001292275914006188	0.01644728762546088	6.578622001149951E-5	5.051347466009528E-4	5.957603977936398E-4	0.4679511079688299	1.0367234997374788E-4	8.502903468477222E-4	4.361201346152974E-4	0.0014843503767734102	2.6164414170804987E-4	3.6184528532061947E-4	0.0026063477799889833	0.3304517156875861
50	q50	0.002235659711989908	0.009919592240772494	0.001536148100217299	0.0033267816258030864	0.004385532620204424	0.0015271765493238918	0.1784155800299551	0.0010379616519026094	2.0347825859616563E-4	0.0015623931360824583	0.3008459144058574	0.0022011037688072768	3.2066091095586603E-4	0.002629967173177922	0.0013489293884757936	0.004591129111227551	8.092712169408147E-4	0.001119195608524128	0.15756309936863191	0.324420425122554
51	q51	0.02994715229803048	0.0014737404660117137	2.2822345537269281E-4	0.3891911743596572	6.515526778252248E-4	0.003928765982150972	5.938346258602674E-4	1.542085653772916E-4	0.040750860089161234	2.321226450215812E-4	2.737675051370307E-4	3.2701502392900363E-4	4.7640159884942706E-5	3.907306826044397E-4	2.004086233926081E-4	6.820978717340422E-4	1.2023233530528108E-4	1.6627738495994505E-4	0.019707062152554872	0.5109331330960292
52	q52	9.431446587956318E-4	0.03571940358112952	0.3790642459274027	0.032938133209519584	0.0018500989415058558	6.4426101960336E-4	0.20140586837506416	4.3787879826992916E-4	8.58401803041823E-5	0.011170678749427338	7.773691808977329E-4	0.13757886123777496	1.3527533901095407E-4	0.0011094888362875328	5.690649346187913E-4	0.0019368327281083766	3.414025048988385E-4	4.721484914121953E-4	0.04544709897441962	0.14737290433154868
53	q53	6.448814053938792E-4	0.01004867968415545	4.4310560343708573E-4	0.12314455986816616	0.17376140572628135	0.057939313846324364	0.0011529553340779617	2.994025276897456E-4	0.4816111111983237	4.5067604697219426E-4	5.315313247146817E-4	6.349136607121578E-4	9.249540876148952E-5	7.586203381860656E-4	3.891019170547645E-4	0.008511671715929418	2.3343622328869133E-4	3.2283465728927334E-4	0.08138620144211432	0.05764310207112725
54	q54	1.9125587492502816E-4	8.485997590482268E-4	0.025710495366157535	0.006679369306324879	0.04513856497970485	1.3064666574232425E-4	3.4193803593061646E-4	8.879538456081335E-5	1.7407126928718598E-5	1.3365936891725767E-4	1.576390444941965E-4	1.8829968838563255E-4	0.8889005036739821	2.2498802927505506E-4	1.1539800490271828E-4	0.025971842414192876	0.002200821510522534	9.574477465088285E-5	6.896433116041872E-4	0.002174387679749655
55	q55	0.008059077116145343	0.12557825952601182	0.1851779710352316	0.011992339230847793	0.015808911075353288	0.0055051462058218386	0.01440847242777951	0.003741630692463137	7.334957859154127E-4	0.005632094500740162	0.006642542178598174	0.00793451030061594	0.0011559142903848172	0.009480471535046978	0.27432332960239647	0.19619052693721067	0.0029172503803800054	0.09385470395465506	0.02905996290587505	0.0018033903185268737
56	q56	4.899408543137681E-4	0.024015868751024117	3.366441272509422E-4	0.006189560216701352	0.04464509714949044	3.3467802781028845E-4	8.75943881524629E-4	0.04937198485194029	4.459189889956439E-5	3.4239568023743247E-4	4.038245003609337E-4	0.07692939504715064	7.027226899343852E-5	5.763526339601423E-4	0.5572668126772024	0.0010061377887502904	1.773503495514595E-4	0.016626775529339863	0.143739711987757	0.07655666177774105
57	q57	0.09073877804815877	0.005095218071327161	7.890454940567735E-4	0.027306072795676144	0.002252637458928472	7.844372392887972E-4	0.014851719111697168	5.331510446952517E-4	1.0451700787255603E-4	8.025263083661704E-4	0.01374513907595991	0.0011306012815320901	1.647081078146537E-4	0.0013508878129782685	6.928802344168649E-4	0.5782967020337672	4.156837528273893E-4	0.02617214189446272	0.016939433826694026	0.21783371939947963
58	q58	0.0014211904160430216	0.037984781855246674	9.76516661253578E-4	0.0021148076057832146	0.30373814724864123	9.708135204408807E-4	0.0025408843505364802	6.598236502598972E-4	0.1585242443850454	9.932004138122669E-4	0.001171389372050154	0.001399223488337029	2.0384149296337936E-4	0.12838776436195073	8.575032723178696E-4	0.14547394830364477	5.144470293612155E-4	7.11463405625439E-4	0.005124624094942153	0.20623138507174466
59	q59	0.04840281495506671	0.002381968955119986	3.6887172339043653E-4	7.988524488491917E-4	0.001053087899123104	3.667174054317267E-4	9.597996905808015E-4	2.492433530961888E-4	4.886076798860418E-5	3.751738837151185E-4	0.030358715348594585	5.285460044160277E-4	7.699956978855469E-5	6.315279910141374E-4	3.2391532313107515E-4	0.013068950091209543	0.012160821220766687	0.1797661415439437	0.0019357876794470737	0.7061432041453268
60	q60	0.0019036311441682902	0.09331198920478104	0.001308007363529304	0.002832705298915438	0.2583310259309887	0.0013003682207739962	0.17313462564090132	8.838089788071881E-4	1.732587245489257E-4	0.001330354622991372	0.001569032034983064	0.0018742072701745081	2.7303801805760546E-4	0.10832138220766123	0.022364994222053368	0.003909278463157233	6.890824593677975E-4	9.529784901417631E-4	0.0705134438154988	0.2550227878884991
61	q61	0.004053815514038065	0.017986725217132092	0.002785424350192476	0.006032295028698092	0.007952077893500527	0.002769156663298255	0.007247639924465626	0.0018820865379884655	3.68957456737633E-4	0.002833013226525525	0.2744254404402621	0.003991156864412321	5.814391915760104E-4	0.004768794495361744	0.0024459495570897227	0.008324876240436567	0.0014674130399653365	0.5893783965224818	0.059798214190109424	9.071276457281197E-4
62	q62	6.689202225754778E-4	0.017878525246347716	4.5962295764217435E-4	0.06809279743241298	0.5604572413202165	4.5693862612773125E-4	0.0011959332867102304	3.105631574840663E-4	0.335547922902827	4.674755995886527E-4	5.513448659863594E-4	6.58580916874765E-4	9.594329887393062E-5	7.868989262603472E-4	0.0078588737942988	0.0013736880843201206	2.4213787082925313E-4	3.34868751064579E-4	0.002412037578855015	1.496851607044112E-4
63	q63	0.003569938610183469	0.1352030961399222	0.0422407222591617	0.005312260229009746	0.007002891425346544	0.042226396337485955	0.08595808836443164	0.0016574344284796352	3.249174674480278E-4	0.0024948553444306917	0.0029424545083013166	0.0035147591053968576	5.120366756437381E-4	0.5612284312649594	0.002153992882058363	0.007331191321563044	0.0012922577384980036	0.041574925585935986	0.05266050043916431	7.988498725793858E-4
64	q64	0.03654986218795306	0.03182643145161613	0.025302448991160603	3.7280774051540953E-4	4.914541112088638E-4	1.711393481031747E-4	4.4791845416295096E-4	0.0029085726930499632	2.2802299147884252E-5	1.7508580976338564E-4	0.014167777904873956	0.00862342946205702	0.07821910292325056	2.947209134069548E-4	1.5116451092911623E-4	0.006099005844485137	9.06890225411263E-5	1.2541995025234812E-4	0.023241439886901877	0.7707187264946206
65	q65	9.633982989910784E-4	0.004274585367439166	6.619623097427822E-4	0.04438275848072889	0.001889829048587293	6.580962576671165E-4	0.2379428534103119	4.4728206376760867E-4	8.768356255734936E-5	6.732719123508414E-4	7.94062861492857E-4	9.485073311467155E-4	1.3818032078452802E-4	0.0011333146486711043	5.812853679596663E-4	0.0019784254072674414	3.4873398202863007E-4	0.11859250549251128	0.046423056566895576	0.5370802073090981
66	q66	2.3981959751803885E-4	0.001064076346667135	1.6478286795905533E-4	3.568644307770684E-4	0.013834655840972303	0.042929321323262555	0.04052142003003765	0.16582765805891078	2.1827147404633356E-5	1.675981774197365E-4	1.9766677608489602E-4	2.3611277561599788E-4	0.6789367231075633	0.0056278046303252305	1.4469988491074058E-4	4.924912005628668E-4	8.681066107190993E-5	0.037539869533971995	0.011556132861236397	5.366474772782693E-5
67	q67	0.0011942035256662475	0.12508568717667806	8.205512974030315E-4	0.5474734729677654	0.002342583036624539	8.157590395964689E-4	0.17516076298745856	5.544392366874006E-4	1.0869026825003069E-4	8.345703872463215E-4	9.842997125783597E-4	0.0011757450684331966	0.04010029210754419	0.0014048274224166663	7.205462544023694E-4	0.0024524047832560473	4.3228159245699114E-4	5.978312953629538E-4	0.04423514685043059	0.05350590498974249
68	q68	0.0013990304873375491	0.02179999162332238	9.612903134336035E-4	0.0020818324426798572	0.002744377333444121	9.556760989128232E-4	0.002501265580650943	6.495353420339984E-4	1.2733256575662375E-4	9.777139243792709E-4	0.0011531244691364026	0.0013774060792167916	2.0066309202547943E-4	0.001645780096246362	8.441326422004919E-4	0.01846554750872491	5.064255078503066E-4	0.4528832197207196	0.14537732689576854	0.3433483282761599
69	q69	0.0011632388765508476	0.42002723009149345	7.992751225641607E-4	0.13137657273301478	0.0022818419148695193	7.946071237957448E-4	0.33915829228309896	5.400631139823052E-4	1.0587202500565302E-4	8.129307097141617E-4	9.587776850769135E-4	0.0011452590309105016	1.6684347613978777E-4	0.0013684014805500527	7.018631225412927E-4	0.0023888160800154615	0.01338563399630321	5.823300546671593E-4	0.017159046151303637	0.06508310492840237
70	q70	8.960502252713546E-4	0.003975762865106503	0.7396302266407988	0.001333370820810728	0.0017577171835204532	6.120908668308912E-4	0.11145552181129778	4.160140145758278E-4	8.155388696906491E-5	0.05055962050421031	7.385524830855862E-4	0.03084224915536891	1.2852057938727063E-4	0.0010540882699383645	0.050474064443015304	0.0018401200559738369	3.2435511198616336E-4	4.485725049131639E-4	0.0032310382358819137	2.0051034105764755E-4
71	q71	2.1356197825922064E-4	9.475716412041119E-4	1.4674094873300236E-4	3.177916842320146E-4	4.189291496681173E-4	1.4588393898926817E-4	3.8181814505850093E-4	9.915155806078705E-5	1.943731382977776E-5	1.492480126429472E-4	1.76024429086274E-4	2.1026101275578663E-4	0.3261175764704008	2.5122830153823637E-4	1.2885683236581565E-4	0.017099945572959956	7.730584449468644E-5	0.6141976550682855	0.03885322305181032	4.7789045624908426E-5
72	q72	8.001590126282561E-4	0.0035502948371273686	5.497986748737342E-4	0.28656519670343517	0.019405521620877234	5.465876909900449E-4	0.028184430377714766	0.48194099178571004	7.282636155066153E-5	5.591919657541102E-4	6.59515961240841E-4	0.018623698509105512	1.1476689252969871E-4	9.412845457870252E-4	4.8279172442899075E-4	0.0016431987912949714	2.896441056852362E-4	4.005683191640343E-4	0.020721174566765352	0.13394835755333692
73	q73	8.534352870248826E-4	0.00378668095406985	5.864054300351398E-4	0.029805146970377304	0.0016741225287589937	0.4381225524420521	0.21078387579510313	0.15258390609437322	7.767529427534176E-5	5.964241460304395E-4	7.034279246949675E-4	0.1435161913083547	1.2240831424908515E-4	0.001003957255779922	5.149370155288351E-4	0.001752606431915908	3.08929221028955E-4	4.272390025526787E-4	0.012589104243689624	1.909743401048404E-4
74	q74	0.019689612654210188	0.003751002432373247	5.80880254000431E-4	0.0012579918274332426	0.001658348763371946	5.774877446707622E-4	0.0015114432815008388	3.9249563757205817E-4	7.694342916557742E-5	0.02885713236412286	6.968001499292449E-4	0.08563131048958726	1.2125496973742601E-4	0.41556730547042386	0.00993219448655916	0.001736093182617862	0.009728127720008263	0.009845322773843488	0.040736816119535446	0.3676514362493367
75	q75	0.003569938610183469	0.015839769866448233	0.0024529468346703724	0.005312260229009746	0.0865784422743292	0.0024386209129946207	0.006382537515448979	0.0016574344284796352	3.249174674480278E-4	0.0024948553444306917	0.0029424545083013166	0.0035147591053968576	5.120366756437381E-4	0.20313845244453738	0.002153992882058363	0.6439355981134243	0.0012922577384980036	0.0017871501614446514	0.012872725014672981	7.988498725793858E-4
76	q76	0.004053815514038065	0.017986725217132092	0.002785424350192476	0.006032295028698092	0.007952077893500527	0.002769156663298255	0.7753194252546326	0.04706277979270417	3.68957456737633E-4	0.002833013226525525	0.003341280911967868	0.09435254337384373	5.814391915760104E-4	0.004768794495361744	0.0024459495570897227	0.008324876240436567	0.0014674130399653365	0.0020293842111776907	0.014617520935393718	9.071276457281197E-4
77	q77	5.9257996679899235E-5	0.0068673650578398165	4.071686694281726E-5	0.007353061010122043	0.0800299433851511	4.0479068618589336E-5	0.04303479256169469	2.751202599950292E-5	0.8546196859738127	4.141251317190154E-5	4.884228512677783E-5	5.8342063027114254E-5	8.499380784512679E-6	6.970943975982191E-5	0.003998417352714773	1.2169164751283001E-4	2.145039821106428E-5	0.002010996634471444	2.1367647443706165E-4	0.0013341478639215141
78	q78	0.004689430704657145	0.02080694131673259	0.0032221630284011045	0.006978124541969933	0.21825799324146003	0.003203344660828299	0.008384028597352926	0.0021771869907501913	4.2680788515069555E-4	0.0032772135695773195	0.00386517473407642	0.00461694753554158	6.726055461639758E-4	0.005516514319240268	0.002829460520672176	0.6890721625746932	0.0016974950493425722	0.0023475801003986487	0.01690946498749826	0.001049360095492705
79	q79	5.273775543287501E-4	0.019973194490390016	3.623673244343064E-4	0.006662508547131702	0.35957680771314293	3.6025099405391514E-4	0.01269836021468134	2.4484838838921595E-4	0.5525557890362839	3.685583573332794E-4	4.346809936408971E-4	5.19226032562963E-4	7.564181886974807E-5	6.203921143799411E-4	3.1820365060089784E-4	0.0010830174329757945	0.04133509892119861	2.640109492842157E-4	0.0019016534952223919	1.1801197109523928E-4
80	q80	0.011454705773579214	0.25646218699158474	6.48045795193693E-4	0.0014034498651688335	0.0018500989415058558	6.4426101960336E-4	0.6323798740811911	4.3787879826992916E-4	8.58401803041823E-5	0.011170678749427338	7.773691808977329E-4	9.285667455883776E-4	1.3527533901095407E-4	0.0011094888362875328	5.690649346187913E-4	0.0019368327281083766	3.414025048988385E-4	4.721484914121953E-4	0.07698178231877037	2.1104872457851535E-4
81	q81	0.0020330320101904975	0.09965494710938551	0.18266574276434414	0.048342466367423814	0.003988052453060642	0.0013887618018684207	0.11692778333658944	9.438866086601184E-4	1.850361264217709E-4	0.001420786554019136	0.09231009952745843	0.43251506156376146	2.9159799807362775E-4	0.002391601646773812	0.0012266699675045898	0.00417501482716042	7.359233966344881E-4	0.0010177579734479984	0.007330843712145831	4.5493425507589475E-4
82	q82	6.894812926967619E-4	0.003059219274075044	4.7375071091153585E-4	0.0163948359081852	0.0013525057878557923	4.7098386921630507E-4	0.001232693527077537	3.2010915511220163E-4	6.275304422232376E-5	4.818447250220627E-4	0.12351909789472007	6.788241805038201E-4	9.889237535455924E-5	8.110863905575214E-4	4.160121388487682E-4	0.0014159120985945454	2.4958063242191367E-4	0.20014022152336444	0.03322387955863983	0.6149083159126199
83	q83	0.038734263502288424	0.2985107385774259	0.002191376809562446	0.0047457872741775865	0.006256137985742489	0.0021785785327746534	0.005701935524989362	0.0014806938815813088	2.9026988808872816E-4	0.0022288164047114477	0.0026286858245545552	0.0031399627117479454	4.574356365134669E-4	0.0037517535401679993	0.0019243018164882386	0.3264544777954501	0.0011544578138003867	0.0015965773752784438	0.2958600846010686	7.136645035878343E-4
84	q84	8.073590028030688E-4	0.0035822410972351465	5.547458728615609E-4	0.09118338536613997	0.0015837380009219206	0.13552449376173223	0.07342903541809429	3.7483686794267354E-4	7.348166765776868E-5	5.642236864442754E-4	6.654504172253695E-4	7.948798890635202E-4	0.2250707791976	9.497544116192034E-4	0.018483534349306902	0.046648980543260894	0.3332256202034139	4.0417271268682796E-4	0.02090762782285159	0.04517165971113893
85	q85	8.297579856933869E-4	0.022177306941716733	5.701364776254388E-4	0.0012347244108143597	0.2605672224699205	5.668067150690284E-4	0.0014834881074213334	3.852361631292739E-4	7.552030797874603E-5	5.798772391452418E-4	6.839123560382595E-4	8.169326573774627E-4	1.1901227639358516E-4	9.761039447785578E-4	5.00650848705431E-4	0.17741296059672348	0.2869834272192961	4.1538588755051864E-4	0.002991997214767508	0.24062954017985502
86	q86	0.10724797950537485	0.19400621405354856	0.0016167152775960218	0.0035012631131729815	0.004615542984740372	0.0016072731909957455	0.10910173823981707	0.0010924001793527426	2.1415019117266128E-4	0.0016443368008321317	0.29040077403333026	0.002316546230211477	3.3747878449797407E-4	0.002767902461911912	0.0014196774063897745	0.004831922504404005	0.26308937789044645	0.0011778946565525672	0.008484297703219866	5.265147924326221E-4
87	q87	0.02013037345999248	0.007354181142412938	0.001138868525677599	0.7044366623784326	0.003251343453653145	0.0011322172028412326	0.02143622335583525	7.695233656474875E-4	1.5085458514194032E-4	0.0011583260540877056	0.00136614001590982	0.0016318529467896682	2.377313872608274E-4	0.001949803431501124	0.0010000684332970879	0.1142411771495231	5.999769928305269E-4	0.11166715724290396	0.005976624177785666	3.7089469847579476E-4
88	q88	4.310914604792183E-4	0.0019127470444179299	2.962080161321266E-4	0.139975237917836	8.456410660728107E-4	2.944780753201771E-4	0.005575341710158573	0.1683615683775699	3.92357294822447E-5	3.012687195928382E-4	3.5531899841607776E-4	4.244282049153481E-4	0.03369411614360567	5.071238630894063E-4	2.6010753651045524E-4	0.053736018264639175	1.5604785869862515E-4	2.1580908170105797E-4	0.02077290698591706	0.5718453049454454
89	q89	4.331726872104509E-4	0.00192198141958858	2.9763805151370023E-4	6.44584204332605E-4	0.1939620371263158	2.958997588799418E-4	7.744505518671821E-4	0.01951234273933106	0.39591966776078275	3.0272318707823866E-4	3.570344102611564E-4	4.264772627291515E-4	6.213000473067103E-5	5.095721596498028E-4	2.6136328571360303E-4	0.17469064135202808	0.13050761281845585	2.1685096647692362E-4	0.0788068886293577	9.693162369678814E-5
90	q90	0.001789717079435031	0.14756856988271605	0.0012297356689643592	0.0026631950575120894	0.00351075907961558	0.001222553655629843	0.003199757096368335	8.309214887426857E-4	1.6289085174734296E-4	0.0012507456592980187	0.0014751405175275074	0.001762053942071924	2.566993116023463E-4	0.002105372809174298	0.0010798611043351296	0.282930583920608	6.478474837143223E-4	8.9595186828386E-4	0.22586831242610744	0.3195493310965459
91	q91	0.0024831496175639596	0.01101770164169592	0.0017062013271156573	0.0036950598865866367	0.004871015741023491	0.0016962366160058028	0.00443951488279521	0.028828130742274537	2.260035180246295E-4	0.0017353517163372423	0.19577354862536245	0.7220016747434029	3.561584145106981E-4	0.0029211073336692147	0.0014982573050587643	0.005099371982055433	8.988584005315633E-4	0.001243091751567287	0.008953908088505887	5.556576659127967E-4
92	q92	0.0012978470114314578	0.1070121247677626	0.1310749594459182	0.6094528356189289	0.0025458929971061603	8.86557784191607E-4	0.002320364057842693	6.025583503060154E-4	1.1812336573138686E-4	9.070017460487273E-4	0.001069725899201281	0.0012777865669254132	1.8615033528360069E-4	0.0015267507025180105	7.830815960391004E-4	0.031594844594117634	0.014934598067878497	6.497163534952174E-4	0.09146865980129083	2.9042093798253675E-4
