0	q0	4.049376407812726E-4	0.2427149964227638	0.07658300196441335	0.02310466241290948	6.682960070541217E-4	3.2198758030914425E-5	0.04675069588576482	0.008748043564201955	0.15183237358989216	5.862491189963442E-4	0.06977531633055367	0.2887742050435073	0.053140541802770815	4.4278073444616685E-4	0.00968030013985714	6.18677925054864E-4	9.23217829651093E-5	3.3612366085860934E-4	0.025320863608980237	3.934136061979509E-4
1	q1	2.2265844965733378E-4	0.5669284148056787	4.300652449069444E-4	0.008536321834296966	0.3546454115044991	1.7704764442798608E-5	6.984180000469194E-4	6.422113016060027E-4	1.2682236091226507E-4	3.223541276549578E-4	0.005022752266521917	4.0190347503100905E-4	4.3954013336509834E-5	2.43466800665172E-4	0.0011548206095916744	0.04618791921041319	5.076392756413462E-5	1.848204900772628E-4	0.013922894953116152	2.1632185998103374E-4
2	q2	0.0016225319367723595	0.18284443435655262	0.003133923710648455	0.001460115695676114	0.0026777743174743814	1.290161940213E-4	0.33918595043345473	0.03505226147860249	9.24165829743722E-4	0.002349023214144776	0.006228832160938638	0.002928706387479	3.20296806600245E-4	0.0017741642422777024	0.008415280548252486	0.36694788807024775	3.6992125758338225E-4	0.0013468033581558745	0.04071255335745858	0.0015763566439153333
3	q3	2.0013606787936878E-4	7.523869145930138E-5	0.01911844358012186	1.801023495185384E-4	3.3029810410620746E-4	1.5913889384235494E-5	6.277715149848539E-4	5.772502451576434E-4	1.1399400593698905E-4	2.8974731330804626E-4	0.2143117501000604	3.6125007285170814E-4	3.950797021278312E-5	2.1883960936262044E-4	0.03850176873965825	3.057749014523662E-4	0.7193498349122743	1.661254994118879E-4	0.00502181199496101	1.9444043789752262E-4
4	q4	1.7931127616928065E-4	0.26859171201315485	3.4634009182673046E-4	1.6136212965231364E-4	0.023791805978052975	1.4257998793220989E-5	5.624499006471231E-4	5.171855289504133E-4	0.07730286943551676	0.04053824350957933	6.883684804651496E-4	3.236608586630622E-4	0.5740060928774966	1.960686549255596E-4	0.010999661326296947	2.739580545422112E-4	4.0881200102212636E-5	1.4883961506508364E-4	0.0011427227755745448	1.7420829452557E-4
5	q5	8.228195319155936E-4	0.20054154440887223	0.0015892775865999644	7.404548940027361E-4	0.0013579547869257097	6.54267826526186E-5	0.07959334798318736	0.002373249267618577	0.23150583539160946	0.43246062559916026	0.00315876972704753	0.001485207633975696	1.6242914084337585E-4	8.997154128603968E-4	0.03507251920008481	0.001257132529635898	1.8759472717429194E-4	6.829918620551891E-4	0.0052437004487095274	7.994030850687823E-4
6	q6	4.6483725188657763E-4	0.2525140713634751	0.02700190183363337	4.183068154360569E-4	0.38362681262803977	0.03484238535444759	0.0014580659494825353	0.0013407249400526119	2.647631734387372E-4	6.729688770582446E-4	0.0017844907447018541	8.39041622469712E-4	9.176145257533575E-5	0.20063946424436196	0.011112239666746609	7.101946510345084E-4	1.0597830273316287E-4	3.8584409813353617E-4	0.08127453848333965	4.516085469530923E-4
7	q7	0.0012445362708465694	4.67868093364231E-4	0.09559044391250363	0.0011199575809374303	0.002053942475775036	9.895973653713875E-5	0.0039037662150625814	0.0035896021894803068	7.088661056996156E-4	0.001801779382462732	0.05137103242495738	0.0022464157674013277	2.456783649160677E-4	0.0013608433214238817	0.1229380761720751	0.6309111284052812	2.837419788084497E-4	0.0010330432276465637	0.07782120009820599	0.001209118276614759
8	q8	0.0014467649772045097	5.438934865035115E-4	0.8694249374313009	0.0013019430947984938	0.0023876942028557314	1.1504002280136717E-4	0.031620305132101935	0.004172888208637017	8.240520419352153E-4	0.0020945563164849043	0.0055540701634863646	0.02969364647313054	2.8559943357509064E-4	0.001581971134966989	0.007503663191235044	0.0022104182570234624	3.2984812666289745E-4	0.0012009057483561357	0.03630221075790436	0.0014055917990354566
9	q9	6.007475193916883E-4	0.6187272390948383	0.0011603450461998492	5.406123986361693E-4	0.012236934225516116	4.7768648963442135E-5	0.21554849731591488	0.10294204867705238	0.011587655203567221	8.697331848506791E-4	0.002306244570344042	0.0010843626910694497	1.185908934507294E-4	6.568898542989349E-4	0.0031157839175754145	9.178431228621292E-4	1.3696450148497095E-4	4.986581516108868E-4	0.026319430009441775	5.836509729309605E-4
10	q10	0.0014870372216659	5.590333411409596E-4	0.002872215394949972	0.0013381840678761358	0.0024541582147384697	1.1824228439471349E-4	0.03250049001236101	0.004289044997539246	0.5018961668307859	0.002152860523004071	0.2562332618347304	0.002684135400240793	2.9354939807395123E-4	0.001626006986872497	0.007712535650241659	0.002271947604091826	3.39029800674503E-4	0.001234334239254731	0.009476656112360175	0.16846111008500306
11	q11	9.222545730830858E-4	3.467102557093911E-4	0.019045153639860497	8.299364388761578E-4	0.0015220591681466972	7.333339470322687E-5	0.002892857627716796	0.15803440229114446	5.25300084054895E-4	0.0013351955375577257	0.22797011860340982	0.0016646901043089312	1.8205816966450778E-4	0.0010084430689826607	0.022047101019246538	0.0014090528718114436	0.3972780575573074	7.655291880255777E-4	0.1612517380809376	8.960083254526344E-4
12	q12	3.9015075847173786E-4	0.03666311545322114	7.535769774333893E-4	3.510964765708947E-4	6.438922139535957E-4	0.029244177435932446	0.0012237950675933165	0.001125307513846022	0.5479688692150966	5.648413864132677E-4	0.2790227398131714	7.042308336247353E-4	7.701792439275327E-5	4.2661195696094075E-4	0.009326810010826735	0.06632568354735802	8.895051983264871E-5	3.2384962032985814E-4	0.024396235734329252	3.790475406413014E-4
13	q13	1.3258371676702556E-4	0.36240050055361267	2.5608571653056836E-4	1.1931202181924795E-4	2.1881188507160278E-4	1.0542440576243363E-5	4.1587846518163004E-4	3.8240974662202127E-4	7.551736754115775E-5	0.0523108784535542	5.089833366596428E-4	0.384926658263737	2.6172761303019963E-5	0.0026268280296351423	6.876469716485485E-4	0.0026844198683557514	3.0227778036284112E-5	1.1005280754832366E-4	0.0703368422194562	0.12173964759634369
14	q14	0.0024365872480426698	9.160049865656873E-4	0.004706273187383139	0.0021926836718102237	0.004021264917640659	1.9374608660624652E-4	0.007642900574115882	0.00702782162747593	0.0013878375055653858	0.003527573096852013	0.009353956411935016	0.004398094407428375	4.8099584166178433E-4	0.13949678630721768	0.7424106673829933	0.0037227034264479186	5.555178290053191E-4	0.0020225203669220937	0.061138820196892076	0.002367244927438566
15	q15	1.0024165071400417E-4	0.08447739433035974	1.9361695067283803E-4	0.12393511499520243	1.6543558357141766E-4	7.970749890606198E-6	0.007820182320029808	0.01717706782662725	5.709589204837042E-5	1.4512501061754102E-4	0.011643451461494253	0.003933814405938845	0.6473908960771658	1.0960964665968785E-4	0.013654970429900189	0.05644629251888157	2.2854106383954084E-5	8.320686252701494E-5	0.03253827028651456	9.738889480005985E-5
16	q16	2.8732743456462477E-4	0.06465030409672409	5.549735197774442E-4	2.585658177186439E-4	4.7419592030557313E-4	2.28469413792703E-5	0.02241536235523994	8.287353389141119E-4	1.6365668431819982E-4	0.016551550475315268	0.022617133617349405	5.186324372642735E-4	5.672002975963729E-5	3.1417936909396165E-4	0.044518418299538995	4.3898892847997337E-4	6.550781745707184E-5	2.3849980699408636E-4	0.0018310928935357797	0.8231933082162697
17	q17	6.867149099262745E-5	0.006453174184434954	1.3263912345262574E-4	6.179744112974205E-5	1.1333321135640015E-4	5.460437606708135E-6	2.154034822083887E-4	0.04261863110646334	3.911408090936334E-5	9.941926123963107E-5	2.6362697826791566E-4	1.2395357511907728E-4	0.9422642363824792	7.50891252257109E-5	3.561654777158517E-4	1.0491871162130647E-4	1.5656421751951428E-5	5.700164821557988E-5	0.006864990676239634	6.671718356998219E-5
18	q18	3.873220338712322E-4	0.5294202325502967	7.481132901582691E-4	3.4855090868755325E-4	6.392237782114246E-4	3.0798046890873805E-5	0.022965934069273025	0.001117148654793642	2.2061186020331226E-4	0.08031445650113306	0.030488262307019256	0.3197139665437279	7.645951846202266E-5	4.2351887637267707E-4	0.0020088501826534253	5.917641831990588E-4	8.830559856000018E-5	3.2150160134488965E-4	0.0024683428674539664	0.007626636627687806
19	q19	6.520780323103072E-4	0.12230857302182997	0.0012594900355030556	5.868047020854765E-4	0.0010761685291589731	5.185021263798847E-5	0.0020453885127718293	0.0018807814503476678	3.7141224904730914E-4	9.440470172672245E-4	0.002503300259947905	0.0011770154134290365	1.2872382149755213E-4	0.012919360646616397	0.0033820102130991615	9.96267680192048E-4	1.4866735149421522E-4	0.012747608930616954	0.016361934752711506	0.8184585171674355
20	q20	8.103383137696389E-4	3.046367154775576E-4	0.001565170088560084	7.292230519027165E-4	0.0013373561875116868	6.443433422960393E-5	0.48794469960873366	0.00233724982828233	0.4555267661133235	0.031510849365233656	0.0031108548532424165	0.0014626787564361319	1.599652791319184E-4	8.860677733700642E-4	0.00420282898279006	0.0012380632869500414	1.847491327005655E-4	6.726316675148667E-4	0.005164159593572051	7.872770672674496E-4
21	q21	5.940669514198847E-4	0.22263184009784082	0.0011474415156788524	5.346005587884646E-4	0.46803829558670645	4.723744126633064E-5	0.024104274583777882	0.001713460731895058	3.383701513909293E-4	8.600613818532872E-4	0.0022805981496523886	0.0010723041166601657	1.1727211226735181E-4	6.495849596801841E-4	0.269971344601991	9.076363168882287E-4	1.354413979641756E-4	4.931128608373123E-4	0.003785895957612615	5.77160525828619E-4
22	q22	4.99615940862502E-4	0.5800355850928239	0.010317392434108947	4.496041406214098E-4	8.245500163798058E-4	3.972713615158529E-5	0.0015671570818253714	0.2539553840984135	2.845725067568668E-4	0.010075703015764296	0.001918004675305559	9.01817932903733E-4	9.862695874151395E-5	5.463071123971002E-4	0.0025912638225788916	7.633307514232979E-4	1.1390750034801404E-4	4.1471259313414046E-4	0.08735542353311095	0.04724731365634854
23	q23	8.48972079675458E-4	3.1916060426831185E-4	0.0016397912853820945	7.639895589302312E-4	0.001401116107292196	6.750631162796188E-5	0.03444705360826309	0.018340712222906577	4.835596567690862E-4	0.0012291006901753285	0.43234401744737544	0.0015324135668373495	1.675917988731513E-4	0.27109284669594047	0.004403203453926644	0.0012970893090347062	1.9355724978298918E-4	0.016596731569643235	0.2120067754202866	8.248113630091131E-4
24	q24	0.0011891307341609688	0.28982067717512505	0.0022968084130665163	0.0010700981655949301	0.001962502967054043	9.455414592355527E-5	0.003729974363987376	0.29280343472468584	6.773080804780582E-4	0.33561422528710144	0.004565023093004055	0.00214640753612077	2.3474100456821991E-4	0.001300259908682349	0.00616744022704433	0.0018167956276187675	2.7111006362495516E-4	9.870531542449672E-4	0.052097165813546835	0.0011552895143669222
25	q25	7.998094689758559E-5	0.33988877954007873	1.5448336035904178E-4	7.197481496266343E-5	0.19177039046559136	6.359712945603437E-6	0.0032452280014602917	2.3068815977937533E-4	4.555574930644097E-5	1.1579254416738683E-4	3.0704350589796865E-4	1.443673956406329E-4	1.5788682675251756E-5	8.745549645788974E-5	0.03634702069332933	0.06000919534905601	1.82348660069645E-5	0.3653770748970615	0.0020068810322621472	7.770478606384267E-5
26	q26	8.103383137696389E-4	0.15199304057357957	0.001565170088560084	7.292230519027165E-4	0.0013373561875116868	6.443433422960393E-5	0.06321716880604794	0.017506090214092534	4.615545390174439E-4	0.0011731685936132523	0.0031108548532424165	0.046969199913866735	1.599652791319184E-4	8.860677733700642E-4	0.00420282898279006	0.0012380632869500414	1.847491327005655E-4	6.726316675148667E-4	0.005164159593572051	0.6985539348145368
27	q27	0.14405575523864556	0.17819697259031322	3.5345850674124544E-4	1.646786460402852E-4	3.0201185447769295E-4	1.4551047024297793E-5	0.13074460112821248	0.0621875690299555	1.0423172493082496E-4	2.6493377447287507E-4	0.07948997969681651	3.3031314160091073E-4	3.6124565058888096E-5	2.000985032464096E-4	0.07973657752541741	2.7958878326067685E-4	0.3220426572054984	1.518987530648507E-4	0.0011662094438545639	1.7778884136738187E-4
28	q28	0.25258792709484984	7.191883274305894E-4	0.003695063664178852	0.0017215544954901551	0.0031572391337259405	1.5211699282881186E-4	0.0060007150192762865	0.005517794505349549	0.0010896409397455125	0.0027696240005481835	0.007344126249770984	0.0034531014646757246	3.7764706517894124E-4	0.0020918345279596112	0.5828932090682608	0.0029228278121335425	4.3615694691587534E-4	0.1090200425456622	0.012191581355725732	0.0018586087902928707
29	q29	0.023321979488730375	1.533940623564838E-4	7.881118262016448E-4	3.6718649004601443E-4	6.734004405818571E-4	3.244469159674393E-5	0.0012798790229798227	0.0011768779916767214	2.324070676378327E-4	5.907268797895012E-4	0.2154299356363615	7.365042523536436E-4	8.054749396692964E-5	4.4616268615990694E-4	0.0021162551271901096	6.234033765167699E-4	0.7104254441105338	3.3869096765955047E-4	0.04079022989503462	3.9641849262634087E-4
30	q30	0.49089836446106183	0.04496606031167461	0.0022968084130665163	0.0010700981655949301	0.001962502967054043	9.455414592355527E-5	0.35988214434718807	0.0034297966133353245	6.773080804780582E-4	0.0017215659278508452	0.004565023093004055	0.00214640753612077	2.3474100456821991E-4	0.001300259908682349	0.07294597209889445	0.0018167956276187675	2.7111006362495516E-4	9.870531542449672E-4	0.007578144565646754	0.0011552895143669222
31	q31	0.0016225319367723595	0.061354792059935055	0.003133923710648455	0.001460115695676114	0.0026777743174743814	1.290161940213E-4	0.6429100561749986	0.004679850904448101	9.24165829743722E-4	0.002349023214144776	0.006228832160938638	0.21553558040655968	3.20296806600245E-4	0.0017741642422777024	0.008415280548252486	0.002478961180395156	3.6992125758338225E-4	0.0013468033581558745	0.04071255335745858	0.0015763566439153333
32	q32	1.3665356688665647E-4	0.79560117003237	2.6394664025085514E-4	1.2297447794972234E-4	2.255286342950399E-4	1.0866056130903217E-5	0.015776872050958412	3.9414837027044753E-4	7.783548302936399E-5	1.978404206643844E-4	5.246073208419115E-4	0.06419761103687395	2.697617229735301E-5	0.028287841657033373	7.087552960949461E-4	2.0878411068347557E-4	3.115566367003295E-5	1.1343103862290806E-4	0.09296023739911659	1.3276457195969012E-4
33	q33	0.0011891307341609688	4.470390637745343E-4	0.0022968084130665163	0.0010700981655949301	0.001962502967054043	9.455414592355527E-5	0.003729974363987376	0.2705439241007358	6.773080804780582E-4	0.0017215659278508452	0.004565023093004055	0.24700102439957122	2.3474100456821991E-4	0.001300259908682349	0.45135765270604516	0.0018167956276187675	2.7111006362495516E-4	9.870531542449672E-4	0.007578144565646754	0.0011552895143669222
34	q34	0.12864091302305083	2.3372881401146497E-4	0.0012008577099838057	5.59487515494826E-4	0.0010260702657852428	4.943645908699781E-5	0.025226387211875777	0.0017932264978519092	3.5412210520009674E-4	9.000993317265599E-4	0.339891904949561	0.001122222482229877	1.2273141441899055E-4	6.798247200075972E-4	0.0032245694091751704	9.498889957382271E-4	0.3143706694210207	5.160684642635783E-4	0.17853376245696728	6.040287525500228E-4
35	q35	9.552366341035999E-4	0.01824032250845183	0.001845041486734877	0.430008730247665	0.001576491696676024	7.595597481238005E-5	0.28909572208034306	0.00275517844965469	5.440860894942183E-4	0.0013829453693062744	0.0036671134373153853	0.0017242234611531445	1.8856901150407103E-4	0.0010445074397189434	0.004954345787449366	0.0014594440210186036	2.177845187320324E-4	7.929063690440875E-4	0.23854334365984062	9.280517569817128E-4
36	q36	0.002060637670351821	7.746713699924584E-4	0.003980125819290425	0.0018543668308726089	0.0034008098738968055	1.6385232454318684E-4	0.006463650684549977	0.005943474422154794	0.001173703197614805	0.002983291492694209	0.04648407704791161	0.003719497022317122	4.0678130914748E-4	0.0022532127646751835	0.04926089629508247	0.6588956949486906	4.698050381409431E-4	0.001710458618086172	0.20599899885080622	0.0020019944191810644
37	q37	8.768416704857679E-4	0.2629492596331521	0.0016936214562816856	7.890693900583339E-4	0.01786083754251865	6.972237188156147E-5	0.0027504099071961677	0.24873496016067614	4.994336885413444E-4	0.0012694489349762063	0.003366158454814554	0.3790984251371587	1.730934107277414E-4	9.58786143223482E-4	0.004547749407148557	0.001339669447007022	1.9991124124980276E-4	7.278336281814114E-4	0.07124288055568553	8.518878190352586E-4
38	q38	2.9203966146761973E-4	0.20237890104456863	5.640751955513142E-4	2.628063484020258E-4	4.819728274301582E-4	2.322163574836763E-5	0.006382780445877871	0.006309059528436114	1.6634068639362893E-4	4.2280088834680793E-4	0.0011211280310683687	0.6729352682843441	5.7650249495100536E-5	3.193319730478927E-4	0.05071526195314326	4.461884339571818E-4	6.658215865336393E-5	2.4241125112255807E-4	0.05652845083637153	2.8372856657419074E-4
39	q39	0.0017851938593216926	6.711216593777716E-4	0.003448105542354697	0.001606495080155654	0.0029462263021546196	1.41950313642544E-4	0.039016962285593974	0.005149014887054234	0.0010168152175391648	0.002584517273439469	0.8088685489481665	0.003222314790970587	3.5240717260736867E-4	0.001952027592777447	0.07609353385324882	0.0027274817687358544	4.0700656948798364E-4	0.0014818229645922982	0.011376761826940834	0.03515169209183844
40	q40	0.0010093836461924676	3.7946535836666414E-4	0.0019496265498699877	0.01980314267198736	0.0016658541770398771	8.026149340280465E-5	0.45664132919108025	0.3241229340660188	5.749272811041634E-4	0.0014613367929144578	0.17392817095511734	0.001821960027425626	1.992579321138614E-4	0.0011037147135463834	0.005235179888307726	0.0015421717245297625	2.3012950273656405E-4	8.378517880294674E-4	0.006432644429498614	9.80657810717853E-4
41	q41	0.09923336676356741	3.943683808013487E-4	0.257305481879441	9.440179059542093E-4	0.0017312784947699545	8.34136621329671E-5	0.3174803949954108	0.0030256938296586797	5.975068235569647E-4	0.27643488332935096	0.023664034723018746	0.0018935152051648965	2.070835356033698E-4	0.0011470617142008658	0.005440784962933989	0.0016027385702300637	2.391675481511125E-4	8.707573582445974E-4	0.0066852784107921965	0.0010191719070158215
42	q42	0.266868778979571	0.11850046833086911	0.003041544667235547	0.001417075690975163	0.002598841244188832	1.2521316826545105E-4	0.0933707704640601	0.21088173818867115	8.96924083233895E-4	0.0022797807763853366	0.03552234353275988	0.032319495960763354	3.1085537938827965E-4	0.0017218669910708158	0.03764434171989641	0.06136012734800784	3.5901704450456995E-4	0.0013071034747576319	0.12794382276449176	0.0015298901909038306
43	q43	8.808425112818613E-4	1.679291373698483E-5	8.627904958762172E-5	4.019797740540329E-5	7.372094679165862E-5	3.5519035015905723E-6	0.026061481815852626	0.019360820876594853	2.5442913361520715E-5	6.467020549576045E-5	0.04448865851468367	9.168023815938559E-4	0.04516216562528247	4.884394732263285E-5	2.3167839256884516E-4	6.824748601325956E-5	0.8621046547994234	3.707841174572257E-5	2.846711580478119E-4	4.3398169708479034E-5
44	q44	6.217222133862621E-4	0.32610075996588495	0.268877347584737	0.01219759577091888	0.0010260702657852428	4.943645908699781E-5	0.15324557802154035	0.21127917509548486	3.5412210520009674E-4	9.000993317265599E-4	0.014024873797687538	0.001122222482229877	1.2273141441899055E-4	6.798247200075972E-4	0.0032245694091751704	9.498889957382271E-4	1.417465245712678E-4	5.160684642635783E-4	0.003962138625606486	6.040287525500228E-4
45	q45	5.81141861977542E-4	0.5223854542674269	0.0011224766793341287	5.229692771260995E-4	9.590977641452941E-4	4.620969826205233E-5	0.15412158418921518	0.0016761810394921182	3.3100824637181703E-4	0.0443552641576358	0.01310945804621668	0.131590719325783	1.1472062789925973E-4	6.354519672890072E-4	0.09004192913945444	8.878889120732332E-4	1.3249460521851152E-4	4.823842252580089E-4	0.03633896270105077	5.646032687701435E-4
46	q46	0.01064872698254173	2.0301376390915844E-4	0.0010430491621421845	4.859634737855499E-4	8.91231094349004E-4	0.06069518348402283	0.08256355070993297	0.0015575728752583197	3.075857881030456E-4	7.818144031525512E-4	0.5075084766240218	9.747476408697756E-4	1.0660288718134614E-4	5.904867818328217E-4	0.002800818442140691	8.250610483620078E-4	0.18207985004481594	4.482502587799418E-4	0.14496336313020713	5.246514045911288E-4
47	q47	2.7266223127036485E-4	0.14811861537708518	0.005630651490262056	0.03086939164993114	4.4999294232288495E-4	2.16808326138935E-5	0.01106327371933054	0.12838653266155053	1.5530364086577898E-4	3.9474718269564586E-4	0.0010467388879806176	4.921614177495414E-4	5.38250372625165E-5	2.981436420301439E-4	0.0014141657979423448	0.5924810283852948	6.216429593840129E-5	2.2632676768612794E-4	0.07829769144562729	2.6490259456022117E-4
48	q48	0.18504838075983787	4.1048985097897375E-4	0.002109024959130731	9.826086177325223E-4	0.0018020518021174738	8.682354723519212E-5	0.6370528637516482	0.14622663742400877	6.219324339908633E-4	0.001580813397395605	0.004191793963911651	0.0019709206220213816	2.1554894816185925E-4	0.0011939526976509302	0.005663199986026305	0.0016682572662522703	2.489445299850493E-4	9.06353236277119E-4	0.0069585673502089605	0.0010608348554282734
49	q49	4.381497721097618E-4	0.3528416487929555	8.462871691521279E-4	3.9429076544835503E-4	7.231082361908429E-4	3.483963226101497E-5	0.042383300259167804	0.0012637505375521485	2.4956245144815983E-4	6.343320354023168E-4	0.0016820386273901243	0.25504633257058346	8.649319599745489E-5	0.11530414423241349	0.0022724688315172705	6.694205837450155E-4	9.98938209075482E-5	0.18080305225966575	0.04380120566557906	4.256805605128217E-4
50	q50	0.0013380527288243203	0.2509750547961856	0.00258445154632955	0.0012041129956955356	0.002208279018408604	1.0639573037689204E-4	0.10438591362659742	0.0038593306740354683	7.621314455200589E-4	0.377645213496666	0.005136728394334194	0.002415215062876937	2.641390325775153E-4	0.0014630992783319695	0.03198702889902679	0.0020443238724013276	3.0506280766602465E-4	0.001110667758044296	0.20890482546658665	0.0012999733695147509
51	q51	2.0088867239480778E-4	0.23698476529520096	0.0041484810614455326	1.8077961795358392E-4	3.315401782971579E-4	1.597373299531309E-5	6.301322272834804E-4	0.03066313445610504	1.1442267631364934E-4	2.9083689770251626E-4	7.71203201010768E-4	3.626085408125893E-4	3.9656538519800585E-5	2.196625478759447E-4	0.0010419114094796847	3.0692475701802897E-4	0.05269229922697539	0.6695293751845615	0.001280232153853847	1.9517162420040242E-4
52	q52	0.44179273865341173	0.11859164297014964	0.0011103972464581709	5.173413897984267E-4	9.487765189232136E-4	4.571241670720893E-5	0.22779289542733416	0.044703786936950624	3.2744613059066E-4	8.322949598262481E-4	0.0022069707876600617	0.15169743949756362	1.1348607207310313E-4	6.286136075029345E-4	0.0029816629923703833	8.783339745746134E-4	1.3106877631744877E-4	4.7719309035364573E-4	0.00366367121048699	5.585273409471253E-4
53	q53	3.873220338712322E-4	0.021896620880220447	7.481132901582691E-4	3.4855090868755325E-4	6.392237782114246E-4	3.0798046890873805E-5	0.001214922140555474	0.14612389484624397	2.2061186020331226E-4	0.06581378188198803	0.15374399656975204	6.991249225371546E-4	7.645951846202266E-5	4.2351887637267707E-4	0.1107639098262412	5.917641831990588E-4	0.4786105680303462	3.2150160134488965E-4	0.016969017486599004	3.762993181152881E-4
54	q54	1.1319867916114988E-4	4.2555650189648705E-5	2.1864347726980172E-4	1.0186743596664793E-4	1.868194449427822E-4	9.001032536013989E-6	3.550729614319811E-4	3.264976972400647E-4	6.447598896633292E-5	0.017115743471822736	0.07671793455023862	2.0432614434261117E-4	0.8349014462447927	1.2377756288747553E-4	5.871062511889082E-4	1.729489108674887E-4	0.06783324779085383	9.396200948520104E-5	7.213975138980269E-4	1.0997718191796311E-4
55	q55	0.18796275912976054	0.0018383306307991664	0.009445020806832509	0.004400497395384936	0.00807027754332732	3.888290684323583E-4	0.015338539025018956	0.014104136937092305	0.002785251428180737	0.007079487307857682	0.01877245740297866	0.008826536738228006	9.653106718655131E-4	0.005346977058220685	0.6661166771757395	0.007471094413883372	0.0011148688664287078	0.004058996617330565	0.031163127360786722	0.004750824421851766
56	q56	2.9856843689463693E-4	0.07276853930192742	5.766855384656915E-4	2.686815902129793E-4	4.927477075830888E-4	2.3740773608229505E-5	0.02888125594105235	8.611576375011327E-4	1.7005936275553914E-4	4.322529334439967E-4	0.001146191726536975	0.05083943543259377	5.893906598794788E-5	3.264708894821153E-4	0.0015485286313190736	4.5616332595917766E-4	6.807065497303947E-5	2.47830544555539E-4	0.09691480965748553	0.7436198708476618
57	q57	7.036089892500816E-4	0.2505127281644651	0.0013590221828376822	6.331773850113048E-4	0.06701600698418783	5.594771468893143E-5	0.0022070268783571877	0.133738998474245	4.0076338137230336E-4	0.0010186510428369276	0.490026596810081	0.0012700299417240173	1.3889631830627297E-4	7.693641530137655E-4	0.0036492761138436232	0.04058787453949218	1.604159007607132E-4	5.840396284807437E-4	0.004483990267048239	6.835851299970621E-4
58	q58	8.768416704857679E-4	0.2301218069082476	0.16583088508080385	7.890693900583339E-4	0.0014471111800664325	6.972237188156147E-5	0.05199158899455281	0.002529064723892903	4.994336885413444E-4	0.0012694489349762063	0.38088186479121555	0.0015827188007577046	1.730934107277414E-4	9.58786143223482E-4	0.004547749407148557	0.001339669447007022	0.13150972214086754	7.278336281814114E-4	0.022001701468328888	8.518878190352586E-4
59	q59	3.1812633647595507E-4	0.8278719650989104	6.144616609809144E-4	2.862817344726645E-4	0.07198566164229893	2.5295926828850803E-5	9.978743677849537E-4	9.175682707653445E-4	0.006136252217887028	4.60567913935425E-4	0.007176326701429934	5.742251431523841E-4	6.279990387824289E-5	3.478565554926457E-4	0.0016499659024021595	0.07790173379681808	7.252966292526677E-5	2.6406482890928377E-4	0.0020273694882299007	3.090728464216813E-4
60	q60	0.0011891307341609688	0.37885871967092527	0.13585387215676675	0.06784863003744505	0.001962502967054043	9.455414592355527E-5	0.1818060593555877	0.0034297966133353245	6.773080804780582E-4	0.0017215659278508452	0.20490061870855442	0.00214640753612077	2.3474100456821991E-4	0.001300259908682349	0.00616744022704433	0.0018167956276187675	2.7111006362495516E-4	9.870531542449672E-4	0.007578144565646754	0.0011552895143669222
61	q61	0.0024365872480426698	9.160049865656873E-4	0.004706273187383139	0.0021926836718102237	0.004021264917640659	1.9374608660624652E-4	0.007642900574115882	0.00702782162747593	0.0013878375055653858	0.003527573096852013	0.23740810628745695	0.004398094407428375	4.8099584166178433E-4	0.0026642963819045224	0.012637387781323107	0.6878851530530137	5.555178290053191E-4	0.0020225203669220937	0.015527990221787686	0.002367244927438566
62	q62	4.080305475896753E-4	1.533940623564838E-4	7.881118262016448E-4	3.6718649004601443E-4	6.734004405818571E-4	3.244469159674393E-5	0.03183181094450076	0.016452843952437186	2.324070676378327E-4	5.907268797895012E-4	0.42165547610662774	0.016012470213114107	8.054749396692964E-5	4.4616268615990694E-4	0.0021162551271901096	6.234033765167699E-4	0.49656192065988725	3.3869096765955047E-4	0.010238297973513694	3.9641849262634087E-4
63	q63	0.002060637670351821	7.746713699924584E-4	0.621154130965795	0.0018543668308726089	0.0034008098738968055	1.6385232454318684E-4	0.19933052729283265	0.08309022506546786	0.001173703197614805	0.002983291492694209	0.007910701726255076	0.003719497022317122	4.0678130914748E-4	0.0022532127646751835	0.04926089629508247	0.003148314480529549	4.698050381409431E-4	0.001710458618086172	0.01313212224252357	0.0020019944191810644
64	q64	0.02558008343106405	0.8222657274697129	2.915401593423152E-4	1.3583048021534314E-4	0.011550947555550332	1.2002015759000748E-5	0.011775297522993614	4.353534432715244E-4	8.597256287596685E-5	2.1852306098697698E-4	0.0034049112627913478	2.724493656215431E-4	0.0791426882072665	1.6504553832487987E-4	0.02056107299032152	0.005881531675996123	3.441274017409115E-5	1.2528935031359917E-4	0.017914677116835455	1.4664405058293568E-4
65	q65	5.940669514198847E-4	0.5562446020066208	0.13459254627919087	5.346005587884646E-4	9.804289144144307E-4	4.723744126633064E-5	0.11306767775945255	0.0795564385106104	3.383701513909293E-4	0.056462188366649964	0.0022805981496523886	0.0010723041166601657	1.1727211226735181E-4	6.495849596801841E-4	0.0030811350749669715	9.076363168882287E-4	1.354413979641756E-4	4.931128608373123E-4	0.04826759754544995	5.77160525828619E-4
66	q66	1.428663448865371E-4	0.026797067084145608	2.7594663349693737E-4	1.285653538306756E-4	0.010933125298567244	1.1360067344906407E-5	0.04323750541111824	4.1206781708251716E-4	8.137417278033114E-5	0.01892718574810131	0.016594472859524652	0.15002068308862135	0.7247732109178586	1.5621779441015062E-4	7.409779406346952E-4	2.182762107371449E-4	3.257211569708766E-5	1.185880343553687E-4	0.006259136564980724	1.3880054182587641E-4
67	q67	7.427393462229383E-4	2.792237156314772E-4	0.0014346025463079508	6.683907740969665E-4	0.0012257930342190466	5.90591786995416E-5	0.5167572519037567	0.4331490857210273	4.230513487154459E-4	0.0010753020799128827	0.002851345247570962	0.01524410662127223	1.4662086787937148E-4	8.121514033324903E-4	0.0038522261602599093	0.0011347832142530356	1.6933723570212626E-4	6.165202810845485E-4	0.018636807435629395	7.216018844257273E-4
68	q68	8.626818467159179E-4	0.7431629767634184	0.0016662717280913045	7.763269715790442E-4	0.0014237422641323067	6.859644854569637E-5	0.002705994454678757	0.0024882237009371524	4.91368500432123E-4	0.001248949027399815	0.0033117994843117502	0.0015571600025729175	0.06476496445608057	9.43303025486277E-4	0.004474309318336413	0.0013180355717955909	1.9668294127160832E-4	7.16080085602727E-4	0.1669844024419196	8.381309666920774E-4
69	q69	8.768416704857679E-4	0.06598454328372545	0.0016936214562816856	7.890693900583339E-4	0.0014471111800664325	6.972237188156147E-5	0.0027504099071961677	0.4949408555974594	4.994336885413444E-4	0.0012694489349762063	0.003366158454814554	0.0015827188007577046	1.730934107277414E-4	9.58786143223482E-4	0.08661638121940964	0.001339669447007022	1.9991124124980276E-4	7.278336281814114E-4	0.333862502354921	8.518878190352586E-4
70	q70	0.6468977711422206	0.010634215551443395	0.0010756700635201428	5.011617665669668E-4	9.191039527807389E-4	4.4282781085728296E-5	0.043446278766880966	0.0016062852782752913	3.172053976316742E-4	8.06265302944013E-4	0.0021379487520539584	0.05312949555150525	1.099368453451266E-4	0.05273321710399691	0.0028884128005801295	8.508644678615608E-4	1.269696582881508E-4	4.622690874363724E-4	0.003549091513214514	0.17776355421636852
71	q71	1.2813166007156793E-4	4.816952056889383E-5	2.4748656003766077E-4	0.004912335863368013	2.1146435445673455E-4	1.018843373212688E-5	0.021988549697504845	0.0027680838513726813	7.298155386823345E-5	1.8550281640295892E-4	0.0028904072000327337	2.312805084357102E-4	0.9354461917126086	1.4010609249077063E-4	0.005461586573591206	1.957640426658478E-4	2.9212753077889556E-5	1.0635732102368219E-4	0.02480171429640348	1.2448518828634618E-4
72	q72	0.009496730909016246	0.2526047300980523	9.302104593327491E-4	4.333911790318597E-4	7.94816309466538E-4	3.829455474430941E-5	0.0015106445738726896	0.23578248810608188	2.743106726129146E-4	6.972364884277214E-4	0.0018488404187523893	0.4065502100737267	9.507041877824707E-5	5.266069908253764E-4	0.07461887253969973	0.009750936024919185	1.0979993602409226E-4	3.9975783908340263E-4	0.003069158619063319	4.678937884883308E-4
73	q73	5.346154402286337E-4	0.15031414118183775	0.001032610801821364	4.811001729688242E-4	8.82312060012379E-4	4.251013357587743E-5	0.15179009992240783	0.09160988084852545	3.045076098135495E-4	0.38106066004845834	0.012059910226890135	0.191108327654673	1.0553605410383968E-4	5.845774594181487E-4	0.012780333067654828	8.168042136680526E-4	1.2188704055112606E-4	4.4376437461947094E-4	0.00340702075616443	5.194009326069519E-4
74	q74	5.09139272047833E-4	0.3528255232109858	9.83403531561339E-4	0.15294860383276715	0.2105146077848895	4.0484387159155525E-5	0.0015970291389176556	0.001468504766397945	2.899968297346465E-4	7.371071978110023E-4	0.011485216198123932	9.190077584106747E-4	1.0050691715572298E-4	0.12445519452968086	0.012171308542476543	0.07702309565624146	1.160787258065826E-4	4.226175558227324E-4	0.04136727252551485	0.01002530163849456
75	q75	0.0022328985369973763	8.394307226338263E-4	0.3386964597138608	0.0020093843004456795	0.0036851036459669842	1.77549707559037E-4	0.34138759708265787	0.00644032453296116	0.001271819976180377	0.0032326824387017505	0.21756176128165347	0.004030431734308734	4.4078655997694516E-4	0.0024415721202107475	0.053378905399554935	0.003411500672207864	5.09078814501049E-4	0.0018534459506736507	0.014229913858652889	0.0021693529502947923
76	q76	0.0028228440245993973	0.0010612134676923008	0.005452328930888422	0.002540275955961895	0.05749995720813282	2.2445942918945404E-4	0.3787430673468693	0.008141897772389321	0.0544490691923786	0.004086776964701538	0.010836780002441995	0.26930142940949786	5.572450724195649E-4	0.0030866504482704527	0.06748193957322082	0.00431284007217302	6.435805594180115E-4	0.0023431377378269162	0.12367199752775657	0.0027425093041717205
77	q77	3.542699863298741E-5	0.00863443895539308	0.0027210798151437905	3.1880738728397985E-5	5.846757461879365E-5	0.8833360980854191	0.03857458588933609	0.004744323567611949	2.0178599166506255E-5	5.1289494098899975E-5	0.05716803142353124	6.394652384595671E-5	6.993486089493912E-6	3.873779785863506E-5	1.837425358000664E-4	7.172897345585327E-4	8.077005814005199E-6	2.9406632712083965E-5	0.0035415863524606355	3.441878917969443E-5
78	q78	0.0028228440245993973	0.0010612134676923008	0.005452328930888422	0.002540275955961895	0.0046587306295770015	2.2445942918945404E-4	0.008854481296978576	0.008141897772389321	0.0016078426138227805	0.004086776964701538	0.06367800658099781	0.0050952965167187815	5.572450724195649E-4	0.0030866504482704527	0.06748193957322082	0.00431284007217302	0.6875795260806435	0.0023431377378269162	0.12367199752775657	0.0027425093041717205
79	q79	3.16243092096137E-4	1.1888769817691358E-4	6.108241706603246E-4	2.8458700377710964E-4	5.219173878193627E-4	2.51461799938027E-5	9.919671508103617E-4	9.121364498474028E-4	1.801265374098771E-4	4.578414438636553E-4	0.23208625540695962	5.708258449818169E-4	6.242814098887659E-5	3.457973141535876E-4	0.0016401984337700076	4.8316728386495986E-4	0.7518867374875327	2.6250161785778815E-4	0.007935168158540864	3.072431968949374E-4
80	q80	6.290430849057208E-4	0.08266252198146652	0.01299014669894401	5.660755641916385E-4	0.00103815239575264	5.001858074448479E-5	0.2963518520221583	0.0018143420065363425	3.5829194565062525E-4	9.10698135212172E-4	0.0024148700614615576	0.0011354368188447872	1.2417659507526647E-4	6.878297571829948E-4	0.3918424466513678	9.610740799218395E-4	1.4341561097733986E-4	5.221452471752591E-4	0.20418632148149382	6.111412809369252E-4
81	q81	0.350694359746484	4.67868093364231E-4	0.00240382431900031	0.0011199575809374303	0.002053942475775036	9.895973653713875E-5	0.12038704070694173	0.02688625708785614	7.088661056996156E-4	0.001801779382462732	0.004777722628205718	0.3516962392430388	2.456783649160677E-4	0.0013608433214238817	0.09964142127369927	0.025198101047509622	2.837419788084497E-4	0.0010330432276465637	0.007931235403078503	0.001209118276614759
82	q82	4.1117106518760303E-4	0.723651028457189	0.00849094852691776	0.008066783424932293	0.016072125018693647	3.269441095114231E-5	0.0012897299584517638	0.0011859361518201414	2.3419585156617077E-4	5.952735691795649E-4	0.0015784685012627043	7.421729567659202E-4	8.116744956527004E-5	4.4959669808793774E-4	0.009829314242463085	0.2161377835392532	9.374294216893225E-5	3.41297794404453E-4	0.010317099806240643	3.994696348988772E-4
83	q83	0.002143312466555866	8.057519420700814E-4	0.004139812355021916	0.0019287658395075223	0.0035372536880124224	1.7042623985788363E-4	0.40793274685140896	0.006181932421668947	0.08146274695391434	0.04322396088027415	0.24895394771938206	0.0038687268761269464	4.2310177262209006E-4	0.002343613861774446	0.13147924521092463	0.0032746279328210353	4.886540751855316E-4	0.0017790838886518523	0.013658995814596954	0.042203293209622274
84	q84	4.859807073998529E-4	0.03657127176074554	9.386727172026E-4	4.3733380070278466E-4	8.020468673498514E-4	3.864292579733963E-5	0.06520439039069569	0.11966457198418289	0.23680253253500289	0.027995009320103455	0.0018656595850246203	0.03726577932715416	0.37307881156393935	5.313976100962316E-4	0.0025205445274275318	7.424983636758053E-4	1.1079880177904786E-4	4.0339449344035824E-4	0.0940685124329375	4.721502853425265E-4
85	q85	5.190327122087931E-4	0.2916705817801707	0.001002512731200264	4.670772836514761E-4	8.56594828849137E-4	4.127106751127462E-5	0.0016280621255455405	0.001497040306337747	0.31120278696856307	7.514304416739723E-4	0.38091064001371866	9.368656388855478E-4	1.0245993713519394E-4	5.675384611566194E-4	0.0026919691304481165	7.929963754552136E-4	1.1833433245642679E-4	4.30829732193819E-4	0.003307714462693824	5.042616701445653E-4
86	q86	0.0014870372216659	5.590333411409596E-4	0.002872215394949972	0.0013381840678761358	0.0859623542851308	1.1824228439471349E-4	0.00466442465556356	0.004289044997539246	0.22353551326281149	0.057824991236598955	0.0057086736235534095	0.058356266113835674	2.9354939807395123E-4	0.001626006986872497	0.11905679707743143	0.41981292795605346	3.39029800674503E-4	0.001234334239254731	0.009476656112360175	0.001444717944218386
87	q87	9.726284099226746E-4	3.6564767967176985E-4	0.0018786337368314173	8.752678299902365E-4	0.001605194521913617	7.733888794499443E-5	0.23973890536571502	0.1848730636163356	5.539921409969858E-4	0.0014081243406462638	0.0037338797363955663	0.0017556160049771207	1.920022445454115E-4	0.00106352454876229	0.0414580928847716	0.001486015785885917	2.2174967185894004E-4	0.5105969649632787	0.006198409045620891	9.449485839350371E-4
88	q88	2.5942135533181E-4	0.7528001506495958	5.010728714161401E-4	2.3345315067699004E-4	4.281406282170325E-4	2.0627979736002675E-5	8.137330716132391E-4	0.10758345734638212	1.4776186937829112E-4	0.03436859942969018	0.0058520536834884875	0.019892845195997183	0.019475795069958907	2.83665351591467E-4	0.006201637806392312	3.963530422164385E-4	5.914550699028399E-5	2.1533600949221208E-4	0.05021471144392851	2.52038537906569E-4
89	q89	2.6196564212309375E-4	9.848275890239492E-5	5.059871664886645E-4	2.3574275311504428E-4	4.3233963698325863E-4	0.01473214880091355	8.217137958797061E-4	7.55584601719978E-4	0.15216616900101035	3.792611785994232E-4	0.27561695400821945	4.7285383541487917E-4	5.171347121704245E-5	0.010093993086699471	0.05530018902351384	4.0024029278109077E-4	0.4217841895705429	2.1744792724061036E-4	0.06541851303125654	2.545104173787503E-4
90	q90	0.0011384481373448798	0.3200896217510575	0.002198914875023042	0.0010244889215291363	0.001878858045791656	9.052410152434586E-5	0.0035709970695709577	0.0032836133603749056	6.484401592503979E-4	0.0016481901170110514	0.004370454726185995	0.0020549243167983957	2.2473597875486448E-4	0.0012448408140321963	0.11245845308442312	0.0017393609792268011	2.5955493208831804E-4	9.449834174065324E-4	0.540024545929763	0.0011060492828428182
91	q91	0.0015296157043839145	5.750401976659754E-4	0.0029544558202564	0.001376500423632016	0.0025244283677723343	1.2162792732905693E-4	0.004797981584531283	0.004411853643915915	8.712423679271578E-4	0.0022145035896586726	0.0058721306357127625	0.9476532294038214	3.019546268003532E-4	0.0016725646045173067	0.007933369440486665	0.002337000502827398	3.4873727423238713E-4	0.0012696770526750187	0.009748002136942302	0.0014860846949116841
92	q92	0.08535007249561434	2.831606239373009E-4	0.0014548296916539062	6.778147343222907E-4	0.0012430760746897456	5.989188222055706E-5	0.05876052377537183	0.2982614930256025	4.290161513998494E-4	0.0010904632766618931	0.0028915477237916733	0.001359563730337036	1.4868814540719872E-4	8.236023132171864E-4	0.04620497099030595	0.0011507830638768347	1.7172480213147924E-4	0.4095100406416143	0.08939696076437645	7.31776093467638E-4
