0	q0	0.0015404024220584949	4.538541591411734E-4	0.2505285284237733	0.16695985962299129	9.575079443695943E-4	4.019407929376051E-4	0.02354371550313618	0.311858026807008	0.008417288495184805	0.0013397264182036762	0.11471971348079898	0.11509053596590177	0.0034010995821236647	9.038954331379397E-5	6.974108390576915E-4
1	q1	8.293950494521442E-4	0.7028148744805823	0.2737716696808419	3.2112967414135217E-5	5.155486238524517E-4	2.1641598264291733E-4	4.22447502736986E-4	4.397404288966188E-4	4.473874847987735E-4	7.213455672145047E-4	4.975666011403007E-4	0.004781939880094585	0.01408538234750025	4.866821726138135E-5	3.755051855707549E-4
2	q2	0.34139724959642265	0.0018230807124734957	0.549240663297514	2.395757019849026E-4	0.06479340590957396	0.0016145506048627382	0.0031516289265573613	0.003280641137438984	0.0033376912618404463	0.005381529162672261	0.0037120477287302628	0.005201599618310078	0.013661831503548327	3.6308454975160324E-4	0.002801420288318981
3	q3	0.008319189632488188	2.2591186795800034E-4	8.870248235331928E-5	2.9687656713413564E-5	4.7661215379514715E-4	2.0007130817723646E-4	3.9054243349601124E-4	4.06529322803899E-4	0.004189815888625788	0.23856854049159532	4.599882114977386E-4	0.00819700407084292	0.03190267837220248	0.7061975807035528	3.471454038976246E-4
4	q4	6.887315412867638E-4	2.0292338551830617E-4	0.13575785108074542	0.4749002786269148	0.27517641680763244	0.013747529809885929	3.5080137006481693E-4	0.05802838576306977	0.017331283443264987	0.003990961375766707	4.131804407592486E-4	5.789794151385141E-4	0.01848044237851076	4.0414198647859565E-5	3.118203627935215E-4
5	q5	0.1504535201382137	8.821744928797231E-4	0.324757011000499	1.1592880773670504E-4	0.0018611465120226178	7.812684053581876E-4	0.001525048579038832	0.0163334144086667	0.3997554041022086	0.002604079856429759	0.0017962308526620187	0.06150076467841602	0.006610853373627685	0.02966756943319294	0.0013555853590473952
6	q6	0.0017840185867025657	0.413475433096782	0.18471587080318674	6.907459934663703E-5	0.009895104759973542	4.6550812637415154E-4	0.15027350120360494	9.458762733082742E-4	9.623249968351498E-4	0.0015516054746121737	0.08014575355657276	0.08936138797237388	0.06544214875930153	1.046847388748403E-4	8.077070521507571E-4
7	q7	0.025160334121398772	0.0012511671543413714	4.912607444317665E-4	1.644190776913531E-4	0.002639619943735092	0.0011080544443287344	0.0021629402190486134	0.002251480369607853	0.0022906334588341406	0.003693304680586733	0.10711662054681625	0.0035698203310122506	0.1766865268107002	2.491823098066131E-4	0.6711646357876603
8	q8	0.005369484275684463	0.0015820299527352884	6.211713675485762E-4	2.078986047597765E-4	0.0033376498098886104	0.0014010720422982172	0.002734915315381681	0.0028468693174655553	0.029340708357493264	0.004669974438660378	0.8758841964810797	0.05740249983315387	0.011855441451361555	3.150769075402597E-4	0.002431011844948904
9	q9	0.22004014077553602	6.51579037424324E-4	0.533936031718897	8.562566880419948E-5	0.023157518350750188	5.77049234184478E-4	0.0011264094498036415	0.01206395166052783	0.0011929091480864388	0.001923388014416229	0.0013267062008887204	0.0018590802092172784	0.2009285991603229	1.297684078450987E-4	0.0010012429632955107
10	q10	0.005515333589188499	0.0016250020466464586	6.380440154368642E-4	2.1354567759319029E-4	0.11207882828651312	0.001439128843481948	0.19294761128594556	0.0029241977747753826	0.0029750493735441665	0.6023746784431516	0.0033087318159665466	0.03179907290209533	0.03934009620103807	3.236352249328297E-4	0.0024970445196904243
11	q11	0.003338775464391036	9.837151053861638E-4	0.29636446334020194	1.2927251948504663E-4	0.0020753693877919002	8.711944608634181E-4	0.06747352247272606	0.0017701993225913704	0.001800982967415156	0.4633143737606233	0.0677759185417909	0.0028067282384662486	0.007371780045353556	0.08241208756116249	0.0015116168117513932
12	q12	0.0014733386386350277	4.340949218155081E-4	0.3557188101994712	5.704552459497523E-5	0.029940177800153112	3.8444168367847897E-4	7.504363921492044E-4	0.05157377933148462	7.94739814556618E-4	0.42213456765950835	8.838780738304939E-4	0.05203117999172922	0.003253027492317171	8.645429582928165E-5	0.08048402818024683
13	q13	4.954636719817482E-4	1.4598019648123832E-4	0.45880057656596546	1.9183631206561366E-5	3.079782239209174E-4	0.0733329939711119	0.2564653516974943	0.12226887775709085	0.029548744743158127	4.3091711692267267E-4	2.9723613062230576E-4	4.165095539118533E-4	0.05721679420799312	2.9073399520599425E-5	2.2431913261836868E-4
14	q14	0.057796397925897865	0.002874085629197796	0.0011284866621227802	3.776909477834174E-4	0.006063533334062417	0.0025453380419744134	0.004968541076874717	0.005171928748495043	0.005261868234752743	0.008483977436500941	0.0058520409760492555	0.6807829390465819	0.16566271625142648	0.04861401831558881	0.004416437372691356
15	q15	0.020986751163088475	1.1207044376642282E-4	0.04687668263138343	0.4346219892411614	0.003983052260792037	0.09563791675372812	1.937404361582884E-4	2.0167121817241771E-4	2.051782668263014E-4	3.308193418295485E-4	2.281911236263987E-4	0.028419365955401545	0.013952985430059062	2.2319936981937423E-5	0.3542272657970246
16	q16	0.028152696038914956	3.237011243017189E-4	0.12457567876565623	4.253839314808393E-5	6.829206957291652E-4	0.7794430027856136	0.005970402269248752	5.825014862773981E-4	5.926311471771893E-4	0.006366337133005672	6.591008368583666E-4	9.235815140240769E-4	0.05112302716102417	6.44682795265358E-5	4.974123694941363E-4
17	q17	0.0028287177006666156	7.681528224670652E-5	3.016090424793651E-5	0.9219231749913152	0.05794212692158524	6.802889173560111E-5	1.3279349832072122E-4	1.3822941200481576E-4	1.406332120001337E-4	0.007930759100541088	1.5640667582335934E-4	2.191687620197224E-4	0.008279648624219656	1.5298522976937718E-5	1.1803750029635673E-4
18	q18	0.0014733386386350277	4.340949218155081E-4	0.5879136616681238	5.704552459497523E-5	9.158213665715406E-4	3.8444168367847897E-4	0.1023356839096847	0.18943947239099707	0.07335563089851055	0.0012813993725755324	8.838780738304939E-4	0.037519001774938436	0.003253027492317171	8.645429582928165E-5	6.67047987897511E-4
19	q19	0.0023388575296200056	0.02372652325358996	0.11545765920881063	9.055715450026414E-5	0.0014538244248974296	0.806919895008994	0.0011912833616480097	0.00124004865218638	0.012780321748415976	0.013552871481238155	0.0014031159124148758	0.0019661512264440924	0.016682740713297693	1.3724223031009536E-4	0.0010589080936323969
20	q20	0.00313272682123787	9.23006272199904E-4	0.6020723169799554	1.2129461635230532E-4	0.001947290380695766	8.174297083372395E-4	0.001595636028046337	0.04794633091353776	0.0016898373990067279	0.002724610675318858	0.0018793700755436256	0.2803457785660153	0.0532022165993776	1.8382582541006398E-4	0.0014183291389651376
21	q21	0.15469154553825604	0.567006071093851	2.558372811102998E-4	8.562566880419948E-5	0.0013746532716568517	5.77049234184478E-4	0.0011264094498036415	0.0011725191209811616	0.0011929091480864388	0.001923388014416229	0.0013267062008887204	0.07809910798604396	0.19003716662077624	1.297684078450987E-4	0.0010012429632955107
22	q22	0.0017382021878705558	5.121325967139916E-4	0.5823166792521053	6.73006551644319E-5	0.22365406914317132	0.04325617038911364	0.13785371826289933	9.215846852572063E-4	9.376109797337333E-4	0.0015117578094675204	0.0010427737123397064	0.0014612127161267282	0.003837827472974782	1.0199627038932999E-4	7.869638666724233E-4
23	q23	0.052668478047206875	9.837151053861638E-4	3.8624784330689566E-4	1.2927251948504663E-4	0.0020753693877919002	8.711944608634181E-4	0.0017005856956382726	0.24841871223667059	0.001800982967415156	0.4633143737606233	0.08421915273606284	0.06857966501555404	0.056701482628169396	1.9591658980275614E-4	0.01795485100602334
24	q24	0.046074147909934436	0.0012511671543413714	0.481508977880752	1.644190776913531E-4	0.08629487509787774	0.0011080544443287344	0.02307675400758428	0.002251480369607853	0.23234258513272643	0.003693304680586733	0.002547551604137941	0.0035698203310122506	0.11394508544509324	2.491823098066131E-4	0.0019225945545190452
25	q25	2.9435211233427866E-4	0.5060192658839302	0.16384602076870797	1.1396884751019927E-5	0.21328349348603387	7.680598247592617E-5	1.4992652158113425E-4	1.5606377709874428E-4	0.0016084411535614838	2.5600537593371446E-4	1.765862723311151E-4	2.474459257749143E-4	0.044139811784446766	1.7272339114989843E-5	0.06971711173192394
26	q26	0.09283876345157731	8.953776764309053E-4	0.12008464204390316	1.1766387187625063E-4	0.0018890016123595842	0.6742915317704097	0.001547873424322887	0.06147777535249561	0.0016392550402311835	0.0026430541688859522	0.0018231143840261776	0.03248795437347492	0.006709795602434405	1.7832331738262426E-4	0.0013758739101892136
27	q27	0.15308385837132982	1.9821698474359914E-4	0.1491756440897816	2.6048201234518234E-5	0.04680417066901013	0.010115398644321682	3.426652361459769E-4	3.566922681150469E-4	0.15940056528871693	0.030404677395343332	4.0359754945514263E-4	5.655511492883886E-4	0.05449795834382431	0.394320367493564	3.0458831512551884E-4
28	q28	0.007299891952127679	0.0021507927255313784	8.444915068276222E-4	2.8264117628894783E-4	0.04048903758132985	0.001904777814927132	0.003718157140512442	0.0398218143652895	0.47130656923617814	0.25800907707380744	0.0043793152969876506	0.04208807909972342	0.12397200743973229	4.283516374319259E-4	0.0033049959533045506
29	q29	0.001552177822794955	4.5732358669027756E-4	1.7956443698519047E-4	6.009806289208359E-5	0.023897927112181194	4.0501337568701814E-4	7.905926680857229E-4	8.229556493863021E-4	0.016125999875771395	0.3147689960016221	9.311748896543177E-4	0.0013048320777552668	0.0034270988339753948	0.634573503503377	7.027421031418396E-4
30	q30	0.2820243033478859	0.0012778927656846163	0.06458338704043536	1.6793115867313612E-4	0.0026960036623016794	0.0011317230902994431	0.002209141799271038	0.0022995732156326993	0.38682935883100633	0.025132739911629922	0.0026019686928641004	0.0036460736360968697	0.2231817356481185	2.545049795573302E-4	0.0019636622205430653
31	q31	0.6929221208992264	0.0015820299527352884	0.027065503545377116	2.078986047597765E-4	0.0033376498098886104	0.0014010720422982172	0.029179247493210225	0.13506853020660825	0.002896376179664724	0.004669974438660378	0.0032212346127377775	0.0045138354774967885	0.09118843798484717	3.150769075402597E-4	0.002431011844948904
32	q32	5.195512910965965E-4	1.5307721604088895E-4	0.8470075279325042	2.0116268709317352E-5	3.229509909934301E-4	1.3556772887701453E-4	0.08214474384183204	0.054009287516024074	2.8025335514264305E-4	0.005569373810213506	3.1168665667795803E-4	4.367587145661459E-4	0.0037058860434443777	3.0486841138276316E-5	0.005352731792739398
33	q33	0.06561568742995329	0.0012255365119396148	0.28727660437424524	1.610508893803739E-4	0.002585546309672956	0.0010853555210667844	0.0021186315532572744	0.20705922027885318	0.002243708947706143	0.0036176459077198225	0.0024953640255725067	0.06495284988900586	0.35743551118518424	2.440777139471901E-4	0.0018832094624956037
34	q34	0.013857566264827679	6.891057831746128E-4	2.7057185673388473E-4	9.055715450026414E-5	0.0014538244248974296	6.102835444567062E-4	0.0011912833616480097	0.00124004865218638	0.10492999163007738	0.4282263859487145	0.0014031159124148758	0.0019661512264440924	0.016682740713297693	0.42632946543299405	0.0010589080936323969
35	q35	0.47802447485973676	0.0010913911023467582	4.2852595957677147E-4	1.4342249780595085E-4	0.02054562247411796	0.4023144511775621	0.0018867292845617086	0.0019639627159105874	0.0019981158928563596	0.03970783621049438	0.00222222517900814	0.039600121010381406	0.008178684159574777	2.173613292528537E-4	0.0016770761468134809
36	q36	0.007299891952127679	0.0021507927255313784	8.444915068276222E-4	2.8264117628894783E-4	0.004537583450343662	0.001904777814927132	0.1834754277954434	0.0038703602343033044	0.003937665533357697	0.006348898156904144	0.0043793152969876506	0.149942441492682	0.19587491570170468	4.283516374319259E-4	0.43472244552513883
37	q37	0.2621204151985329	0.08185394253000063	0.5342285313992219	1.2718124843196004E-4	0.01821902390519961	8.571009492271435E-4	0.0016730749326953963	0.08262770361251562	0.0017718480548919032	0.0028568406216119098	0.001970579071531583	0.0027613231551402123	0.00725252507701241	1.927472024131854E-4	0.0014871630415737307
38	q38	0.0062393838579986914	3.102706072498576E-4	0.5291255251454307	4.077345453143086E-5	6.545859839828125E-4	2.747808109530804E-4	0.05758579520736418	0.29099173707256687	5.680425927049209E-4	9.158839264827204E-4	6.31754422639331E-4	8.852616679016941E-4	0.11123763730252396	6.179345926030079E-5	4.767744884095131E-4
39	q39	0.006810217507445731	0.0020065182293597487	7.878432834900277E-4	2.636816955252355E-4	0.004233203786806668	0.001777005921194502	0.003468744334821533	0.03715057964518281	0.037213370126051575	0.8444190648751784	0.004085552211149844	0.005724982105597049	0.048576320463750676	3.996179449932391E-4	0.003083297869452941
40	q40	0.16789200894767956	0.0010913911023467582	0.25583173318127095	1.4342249780595085E-4	0.25770574346569114	0.037452726575141856	0.0018867292845617086	0.0019639627159105874	0.02024120212297737	0.13092326736109944	0.00222222517900814	0.11257246593086546	0.008178684159574777	2.173613292528537E-4	0.0016770761468134809
41	q41	0.21621126358440262	0.0011545804335746992	0.03905198458663269	1.5172636953434567E-4	0.0024358484224391306	0.001022515637753375	0.0019959670834069363	0.21437023531109675	0.3302023094171606	0.003408191547099899	0.002350887509677207	0.0032942398553721477	0.008652213384118415	2.2994610935667782E-4	0.17546809074837447
42	q42	0.061511404666809426	0.001670373791544787	0.08441897472026288	2.1950809470392202E-4	0.00352403110835742	0.0014793108154967163	0.002887638667655742	0.0030058444137708064	0.33811057925491733	0.004930755511951803	0.003401115044775906	0.0606079746623469	0.40341201457696146	3.326714565462414E-4	0.03048780321389865
43	q43	1.699414035016321E-4	5.007043074265903E-5	1.9659752891775968E-5	0.046038799773217044	0.03693141080410513	4.434320635843668E-5	8.655865690096008E-5	0.005111798658480719	9.286182623877536E-4	0.04283222435812922	1.0195041143442272E-4	9.798100136002676E-4	0.0037230164076943414	0.8629048575915003	7.694026905536399E-5
44	q44	0.29174375077358566	6.660883500849811E-4	0.28974454974379543	8.753237471261706E-5	0.0570750746191994	5.898989228308039E-4	0.0011514922501277968	0.001198628687971168	0.0012194727586558691	0.0019662178730612233	0.21290152974995116	0.0019004780665261949	0.08292927851020389	1.326580809235069E-4	0.05669334923837019
45	q45	0.04432880749366203	6.309627720249003E-4	0.5486825135903427	8.291643260769959E-5	0.0013311585994023668	5.587911266070636E-4	0.1065589945436094	0.0011354200677648368	0.0011551649448788472	0.0018625311183318748	0.001284728596371694	0.033440725606797506	0.25785205946506223	1.256624747457609E-4	9.695631677910351E-4
46	q46	0.12967648600573956	5.875828479282695E-4	2.3070969077711374E-4	7.721576576591091E-5	0.0012396388433043425	0.010342080998584987	0.0010157768044000474	0.010879065572739825	0.0010757450965934788	0.7678276911026523	0.0011964009937517792	0.0016764867822897714	0.07315519275700502	1.1702293393930143E-4	9.029038045283096E-4
47	q47	0.021034669861577093	2.9940109727487937E-4	0.5456213667810929	3.934506440878281E-5	0.06569174164836547	0.16541768402607543	0.0255406965779847	0.005543395593128849	5.481427230964326E-4	8.837983558801227E-4	6.096225776041839E-4	0.005858870971183814	0.0673037441009148	5.962868887559797E-5	0.09554789193253702
48	q48	0.6727279715554473	0.0011116714199199183	4.364888635530574E-4	1.4608758623885654E-4	0.15100196800825766	9.845147014940058E-4	0.09483219229662554	0.0020004572296507756	0.057781487237395845	0.0032815289661484457	0.0022635187466874544	0.0031718121934909862	0.008330661128903277	2.21400355020879E-4	0.0017082397111659992
49	q49	0.001639931484388425	0.03278936735399617	0.3636343379972115	6.349575676195127E-5	0.06563175200630464	4.2791114306193735E-4	8.352894808056389E-4	0.44507957536268095	8.846023647325736E-4	0.001426289326878059	9.838196349605751E-4	0.0013786018423441312	0.0843863242080398	9.622982658109132E-5	7.424722112524867E-4
50	q50	0.25625957918265646	0.0015025614827978543	0.4275616536019315	1.9745544975261511E-4	0.003169993108370269	0.0013306934434094606	0.002597535150647086	0.002703865483448596	0.22879471869662862	0.004435392455780965	0.0030594256750870207	0.004287096661126226	0.06149188228428738	2.9924997600109913E-4	0.002308897348074904
51	q51	7.525466377171559E-4	2.2172545082032284E-4	0.2521113263553352	2.913750892363199E-5	0.39703537756431967	1.9636374752147461E-4	3.8330521505611085E-4	3.989958481824104E-4	4.0593435862011195E-4	6.54508586225619E-4	4.514640797239188E-4	6.326253206814004E-4	0.0016615697420470522	0.34472440720050035	3.4071238432552677E-4
52	q52	0.30799937053232895	6.309627720249003E-4	0.11626279020692894	8.291643260769959E-5	0.0013311585994023668	5.587911266070636E-4	0.0010907693281426254	0.21207187049869836	0.29646619554818576	0.0018625311183318748	0.001284728596371694	0.001800258042157475	0.004728318947941964	0.052859775082479146	9.695631677910351E-4
53	q53	0.008666542542083364	4.3096778119232907E-4	0.028984486306279093	5.663457904282403E-5	0.13057794014838126	3.816722359244109E-4	7.450303852851135E-4	7.755282704801873E-4	0.015196649786348581	0.2534057832227672	0.015285145909864477	0.015637269032242353	0.02484104597436759	0.5043530611298566	6.62242695884787E-4
54	q54	4.33109995634043E-4	1.2760871449516676E-4	5.010453787997389E-5	0.2730454091551886	0.023732618159734573	1.1301240025428841E-4	2.2060203540747738E-4	2.296323993799242E-4	0.08768811186656737	0.017440976554396852	2.5982921960996774E-4	0.019561418418964055	0.0030893124809847467	0.5738121652985056	1.960887629972454E-4
55	q55	0.018774221563950318	0.005531514635019959	0.0021719048394181952	7.269104942296598E-4	0.1041317005029696	0.09736052133233544	0.10202425957137917	0.009953983024356136	0.0101270821065291	0.01632840889513886	0.011262938715151683	0.20070591417364303	0.1339138731106345	0.27848681570689443	0.008499951328349957
56	q56	0.09957071384024203	0.005797244507409532	0.07670851838935563	4.300376334705815E-5	6.903918509970367E-4	0.6238700497528082	5.657164035940361E-4	0.0935789096096908	5.991145344062292E-4	0.03925599743659419	6.663114027705551E-4	9.336854996507567E-4	0.057152315383462625	6.517356277422098E-5	5.028540628970323E-4
57	q57	0.002609366303523812	0.12927826082543267	0.23161888316526508	1.0103085994057113E-4	0.0016219715897716857	0.013531813438588846	0.001329065418678121	0.0013834708299957765	0.001407529292854249	0.002269430975660056	0.07867107066338744	0.5290823151348478	0.005761296215480375	1.5311546199643902E-4	0.0011813798245769729
58	q58	0.0032324709119289957	9.523942228819257E-4	0.19141025100563033	1.2515656215995446E-4	0.002009290905930624	8.434561663128483E-4	0.0016464400954844906	0.0017138372674715585	0.001743640780021987	0.09832951112729181	0.1611361256064148	0.2255930483064676	0.007137067113343663	0.30266382206429643	0.0014634878643630018
59	q59	0.013206515012835443	0.07229448309290305	0.7794458915053651	4.7128446567738205E-5	7.566104203003794E-4	3.176084272393284E-4	6.199767932891489E-4	6.453555985550665E-4	6.565782881569802E-4	0.007053288974987529	7.302203086161992E-4	0.0010232394506089861	0.0026875049961159843	7.142465058338029E-5	0.12044417403387571
60	q60	0.17522158218264894	0.0439989812317794	0.2781888293709093	0.06424956385781533	0.0026960036623016794	0.0011317230902994431	0.04493023026536582	0.0022995732156326993	0.0023395626361532654	0.15329600530991427	0.13076523409114846	0.0036460736360968697	0.07365792601678672	2.545049795573302E-4	0.023324206453590457
61	q61	0.009307628661475388	0.002742339222050239	0.0010767574924215584	3.6037781525976697E-4	0.005785584506349465	0.002428661232279037	0.00474078605489717	0.004934850554402556	0.005020667267123249	0.05393449299349133	0.051423202963675724	0.05366383693129177	0.020550585676697982	5.461639711789496E-4	0.7834840646574058
62	q62	0.06877426952638663	4.470708659808049E-4	1.7553878846116258E-4	5.8750726625279245E-5	9.431970540555531E-4	3.959333956786133E-4	7.728684000690608E-4	8.045058368793545E-4	8.18496138211581E-4	0.49453689565574066	9.102989139706811E-4	0.0012755790952821673	0.025769230138049076	0.38121141480381	0.02310595066079948
63	q63	0.2499688473915648	0.002410808992240711	9.465848077145347E-4	3.16810579320953E-4	0.005086146542749007	0.0021350525459455524	0.12506088112781286	0.004338260561005019	0.004413702614653259	0.007116436923833963	0.5690771234308474	0.006878501345584333	0.018066159119496786	4.801364478796002E-4	0.003704547569351322
64	q64	5.674676134246796E-4	0.022525099452446396	0.7770028285332538	0.08386411332856174	3.527355840563274E-4	1.480706465012717E-4	2.890362998111979E-4	3.008680264936975E-4	0.03104821876439579	0.003288278801556222	3.4043238123427884E-4	0.031219158042811928	0.03199504701217898	3.3298531402125766E-5	0.01702534698187155
65	q65	0.17457305991209454	6.445588679957814E-4	0.4527647472412079	8.470313037384432E-5	0.10910071558333141	5.70832055362091E-4	0.011888360710664313	0.0011598862976171201	0.10892092958681363	0.0019026652640475167	0.11982737239309159	0.001839050316755504	0.01560429288474798	1.2837027169089406E-4	9.904554842058587E-4
66	q66	5.431789282357828E-4	1.6003870950047979E-4	0.04821496182692986	0.6500747039045007	0.032439053776263355	1.4173294328525692E-4	0.08588044084354607	0.048440114218657154	0.08589677428167727	0.011172888246122729	3.258612326078323E-4	0.011157093173593187	0.0038744186449684074	3.187329139310069E-5	0.021646865978718746
67	q67	0.37696906437159705	7.996349246768398E-4	3.139702373158714E-4	1.0508207184704322E-4	0.37594207635711396	7.081699907596008E-4	0.0013823592899942347	0.01480519863791905	0.0014639694679975028	0.0023604323369759814	0.0016281687287080064	0.0423802691495008	0.17975359754675097	1.5925520170636357E-4	0.001228751687136664
68	q68	0.01885204393811747	9.374699896179928E-4	0.6428473797588121	1.231953304732114E-4	0.001977804862174009	8.302390170782964E-4	0.09564199947284852	0.0016869810491728283	0.0017163175339287775	0.018437532519721855	0.017579046808235403	0.0026747820361491524	0.022695454232361214	1.8670641774508798E-4	0.17381304703356412
69	q69	0.497336536546017	7.788152425492637E-4	3.0579555617487724E-4	1.0234610413772049E-4	0.027679571065502874	6.897317339440148E-4	0.0013463675141029894	0.014419723316663332	0.0014258528499914765	0.0022989749775949465	0.014604019067660562	0.002222109553713583	0.43543828840261395	1.5510875615431434E-4	0.001196759313178952
70	q70	0.08218228757263242	5.993562519427997E-4	2.3533242339969344E-4	7.876293891750771E-5	0.0012644775005010017	0.13077137166734057	0.582109450276921	0.061189577145437796	0.12131936609052253	0.001769232226851839	0.0012203732936793372	0.0017100785664654165	0.01450997102359541	1.1936772375930868E-4	9.209952980333513E-4
71	q71	4.836617274645398E-4	1.4250294824507255E-4	5.595263925821953E-5	0.7170007176010829	0.002682642152567048	1.262029814201933E-4	2.463502634502292E-4	2.564346334314697E-4	2.608940141211629E-4	4.2065267132750876E-4	2.9015596608050786E-4	0.04328258775371039	0.010595890760117072	2.838087115278523E-5	0.22412697301657092
72	q72	0.0018159286884623642	5.350334277331611E-4	0.2685097063984634	7.031011197559596E-5	0.332031650735322	4.738345035729833E-4	9.249326242013451E-4	0.3408089925903758	9.7953775952938E-4	0.019466000473969187	0.0010894030125067882	0.0015265531879299083	0.03083940506961383	1.065571973206732E-4	8.221542190235396E-4
73	q73	0.05918076254430913	5.707651813347412E-4	0.14333300286603187	7.50057131597232E-5	0.1347724615712196	5.054791389396558E-4	9.867034648870377E-4	0.058270652857968404	0.573480541346282	0.001684834602974544	0.0011621578685550075	0.011169095847415772	0.013817802376464834	1.1367352935111999E-4	8.770610911064925E-4
74	q74	0.0019188965344309292	5.653712047201583E-4	0.44439221674319085	7.429687688874126E-5	0.0011927783609204986	0.04775285408776926	9.773786924776866E-4	0.13332341322021365	0.0010350800799874694	0.020569772968540477	0.24686236508659223	0.0016131126957543516	0.01368721819697918	1.1259926557493244E-4	0.08592264598595953
75	q75	0.008182399424950193	0.002410808992240711	9.465848077145347E-4	3.16810579320953E-4	0.005086146542749007	0.0021350525459455524	0.004167657144505546	0.004338260561005019	0.004413702614653259	0.047414178251603066	0.2466951928086945	0.65164236258989	0.018066159119496786	4.801364478796002E-4	0.003704547569351322
76	q76	0.7427382867275926	0.002742339222050239	0.0010767574924215584	3.6037781525976697E-4	0.005785584506349465	0.002428661232279037	0.00474078605489717	0.18829251507093187	0.005020667267123249	0.008095076864359006	0.0055837868345434	0.007824420802159443	0.020550585676697982	5.461639711789496E-4	0.0042139904621563045
77	q77	0.0556230666532461	3.951929709485322E-5	1.5516934921823165E-5	0.7847772923610702	0.007349783215070179	3.499894688791687E-5	6.831851109453523E-5	7.111513543256428E-5	7.235182276082895E-5	0.14148132755624598	0.0027227971249645087	1.1275614912604128E-4	0.007562558667197001	7.870658766784156E-6	6.072696612067125E-5
78	q78	0.010791681846105948	0.0031795910080680795	0.0012484408979184995	4.1783819145849735E-4	0.11300461323660765	0.002815898687407717	0.005496679838191599	0.005721686917057371	0.0058211866601652566	0.7003133520375959	0.006474092726139722	0.06222025779786668	0.07697554375115684	6.332469877278835E-4	0.0048858894165323555
79	q79	0.012973205363074421	3.5229405584523464E-4	1.383254344017058E-4	4.62958634561593E-5	7.432439483738903E-4	3.119974760649771E-4	6.09024125733653E-4	6.339545825774327E-4	6.449790092933499E-4	0.2601449922955856	7.173200511079882E-4	0.02456016808581264	0.0026400268500066273	0.694942823422656	5.413494360104303E-4
80	q80	0.5400294660063558	0.011177785293571578	2.4774246991550366E-4	8.291643260769959E-5	0.0013311585994023668	5.587911266070636E-4	0.0010907693281426254	0.07496317771859158	0.0011551649448788472	0.0018625311183318748	0.001284728596371694	0.012347080563704153	0.35277346215898225	1.256624747457609E-4	9.695631677910351E-4
81	q81	0.16439578848455463	0.0013653891304323857	5.361090868856391E-4	1.7942927988200643E-4	0.09417293609556718	0.0012092113263716326	0.0023604000909204226	0.0024570232789260828	0.5730768699509061	0.004030475103786404	0.0027801235489886248	0.003895717579100371	0.10152431405301159	2.719307457244481E-4	0.047744282244942426
82	q82	0.0015641346413142626	4.6084646599595406E-4	0.6472542023368251	6.0561013477261155E-5	0.024082018891661366	4.081332962011907E-4	7.966828034530576E-4	8.292950849874579E-4	8.437164696442963E-4	0.0013603669213892433	9.38347965446165E-4	0.001314883529414199	0.011156751675238738	9.178213036094042E-5	0.3088382767745909
83	q83	0.11515425434508625	0.0021507927255313784	8.444915068276222E-4	2.8264117628894783E-4	0.004537583450343662	0.001904777814927132	0.003718157140512442	0.0038703602343033044	0.003937665533357697	0.006348898156904144	0.0043793152969876506	0.6892142534574748	0.1599234615707185	4.283516374319259E-4	0.0033049959533045506
84	q84	0.11914465046247168	5.398615831636489E-4	0.3250768994208532	0.16250340814313427	0.046259088811826894	4.781103983358042E-4	9.332792400217684E-4	0.06413966337864972	0.01903642863915252	0.1008578939389996	0.010123259566174497	0.14592474088845309	0.004045623396680985	1.0751877221344409E-4	8.295733598688039E-4
85	q85	0.011158423121364407	5.548834302570189E-4	0.2413710578177815	7.291865160662694E-5	0.0011706520298845216	4.914139960014555E-4	9.592480781022025E-4	9.985149836370158E-4	0.01029100167884166	0.4097433473375843	0.001129820398462237	0.31693735705566084	0.004158194355529672	1.1051052159185402E-4	8.526565436946567E-4
86	q86	0.005369484275684463	0.05447069430839237	6.211713675485762E-4	2.078986047597765E-4	0.0033376498098886104	0.0014010720422982172	0.002734915315381681	0.18795719456226534	0.002896376179664724	0.004669974438660378	0.0032212346127377775	0.0045138354774967885	0.22341009887398985	3.150769075402597E-4	0.5048733232236912
87	q87	0.003773065230950526	0.0011116714199199183	4.364888635530574E-4	1.4608758623885654E-4	0.8013747936015184	9.845147014940058E-4	0.0019217886404454213	0.0020004572296507756	0.002035245043687782	0.0032815289661484457	0.0022635187466874544	0.07750013511843508	0.008330661128903277	2.21400355020879E-4	0.0946186433673461
88	q88	0.15014799487877975	2.8787543514724993E-4	0.7363437612498146	3.783044765255525E-5	0.053538959364533706	2.5494727400823927E-4	0.043805351164510786	5.180330133167084E-4	0.005339007122676914	0.00566174144872555	5.861547148648915E-4	8.213639381611046E-4	0.0021572855563023025	5.733323930193556E-5	4.423611522037237E-4
89	q89	0.06867504245393694	2.892673798138799E-4	1.135785157515578E-4	3.80133666634089E-5	0.005445507450953171	2.5618000335920354E-4	5.000675151096102E-4	5.205378233907448E-4	5.295899404422584E-4	0.4843771370735373	5.889889092057837E-4	0.054012893178057256	0.016673414102931886	0.3675352822156132	4.445000712338219E-4
90	q90	0.004076029681358173	0.0012009348967363738	0.26143560871853166	1.578179281669989E-4	0.00253364364110206	0.001063567921409114	0.14259521710352058	0.0021610872182800654	0.002198668376803711	0.0035450247073751297	0.002445271690541227	0.14394561334443765	0.4305569310970113	2.3917805902894367E-4	0.0018454056156970336
91	q91	0.00566932743132197	0.001670373791544787	6.558588670316971E-4	2.1950809470392202E-4	0.00352403110835742	0.0014793108154967163	0.002887638667655742	0.9523211574170576	0.0030581158419925878	0.004930755511951803	0.003401115044775906	0.004765897426859448	0.012517473928549286	3.326714565462414E-4	0.002566764596154926
92	q92	0.017482286950088785	0.01540100998726655	3.4134528023481236E-4	1.142441703039425E-4	0.4959103692636742	7.699152824684022E-4	0.04509785194847508	0.0015644079166063235	0.10331319751105232	0.0316295481659402	0.0017701286457010878	0.11873367658585636	0.16636299118042971	1.7314065154723585E-4	0.0013358864603548225
93	q93	0.0017684804241487864	5.21053579484176E-4	0.20923598665881182	6.847298434050134E-5	0.0010992803122976851	4.614537174169691E-4	9.007651291316365E-4	9.376380299401981E-4	0.027082868384916452	0.0015380915469751196	0.7152515518506138	0.010196307625648085	0.0300336045707762	1.0377297231497296E-4	8.006722131834404E-4
94	q94	0.0018490011093400386	5.447776708953742E-4	2.1390258146182536E-4	7.159062790663855E-5	0.010255531985260264	4.8246416740730427E-4	9.41777867753822E-4	9.803296286716346E-4	0.05563457952887943	0.28390033291097744	0.0011092436566708156	0.0015543553862453737	0.013188663993027093	0.6284363212644231	8.371276210798317E-4
95	q95	0.0012785204188303684	3.7669494758236816E-4	0.14497023723317856	4.950244708516929E-5	0.051167707835650444	3.3360731168214367E-4	0.18954989946317508	0.03845760260391469	6.896520962142502E-4	0.0011119611062613802	0.01336024985760057	0.0010747830757889538	0.05949249042065104	0.49750824633945284	5.788448429322315E-4
96	q96	0.0013830207428923527	4.0748424395581345E-4	0.436081904412612	5.3548547316398965E-5	0.04853863892235196	3.6087482471265463E-4	7.044335018086418E-4	0.4707115776837584	7.460210571498502E-4	0.001202847645292912	8.296950057780485E-4	0.035219029995322636	0.003053611967471264	8.115451621822801E-5	6.26156933358886E-4
97	q97	0.002366112085568524	6.971358884222085E-4	2.737248131299275E-4	9.161241118119035E-5	0.001470765747156647	6.173951392401464E-4	0.012858100815031975	0.8402658552337163	0.001276314508283741	0.002057866713317057	0.0014194663316485694	0.00198906265987932	0.13340649866690235	1.3884150516848902E-4	0.001071247481353432
98	q98	0.4705328308022559	7.996349246768398E-4	0.013680222584552851	1.0508207184704322E-4	0.0016870106344784982	7.081699907596008E-4	0.0013823592899942347	0.0014389462906820713	0.0014639694679975028	0.055825441725923894	0.0016281687287080064	0.09584527853844872	0.03272482172714421	1.5925520170636357E-4	0.32201880802082417
99	q99	0.19649849022146731	5.818679112937172E-4	2.2846576676126273E-4	7.64647513173161E-5	0.05958466281864669	5.153119012788344E-4	0.0010058971762038496	0.0010470736667253387	0.5846360914665704	0.0017176086127321472	0.0011847645821497143	0.08919580235890681	0.06271749201868158	1.15884747801618E-4	8.941219994634254E-4
100	q100	0.004076029681358173	0.06142341288143117	0.40195472401615284	1.578179281669989E-4	0.00253364364110206	0.001063567921409114	0.14259521710352058	0.0021610872182800654	0.002198668376803711	0.0035450247073751297	0.3437059802704784	0.02350065737504805	0.008999585204147717	2.3917805902894367E-4	0.0018454056156970336
101	q101	0.03802973129969088	0.4243665043791416	0.1755906841403126	5.7462477451754314E-5	0.08863201244749166	0.007696376384934707	7.559214253706391E-4	7.868651362618772E-4	8.005486670201232E-4	0.0012907652804686359	8.903384489527253E-4	0.15473922914450164	0.10560455104246891	8.708620106431597E-5	6.719235248679802E-4
102	q102	0.21619889478033097	0.004038053242635596	0.0015855092064629313	5.306509106468865E-4	0.008519186134434656	0.003576167122364873	0.006980736134936272	0.007266493190521214	0.007392857008785479	0.01191987888247854	0.14321774317960334	0.2140148935241568	0.030260428200348535	8.042182298589054E-4	0.34369429025243503
103	q103	5.520395539036952E-4	0.0518190124525068	0.10337658917263644	0.4513348623547687	3.431455643666618E-4	0.36173858670787473	2.811781082039263E-4	2.9268815911290995E-4	2.977779861280225E-4	4.8012257295065977E-4	3.311768556037398E-4	4.64069842736314E-4	0.028406423813950706	3.23932255973892E-5	2.499336296592696E-4
104	q104	0.0027885433984514898	8.21598305228328E-4	0.3573904737836593	1.0796833589316171E-4	0.26266756720538514	0.24792846098828836	0.0014203282208251364	0.0014784694830791204	0.0015041799659999296	0.002425265765435842	0.0016728892483940348	0.0023441778532567346	0.1160239465051874	1.6362942610794837E-4	0.0012625015148080506
105	q105	0.0036378669560180785	0.0010718374787963998	0.28708066825552664	1.4085290609430924E-4	0.002261283454937771	9.492371006203812E-4	0.0018529261922582906	0.0019287758910122722	0.0019623171714860917	0.003163943653356925	0.0021824112621629146	0.64804275301052	0.043864630385246364	2.1346703178471712E-4	0.001647029250178935
106	q106	0.014789148695474336	1.700463804096416E-4	0.0682843829956868	0.5997688838089138	3.587512791810284E-4	1.5059590311424436E-4	0.1367291969391804	0.037257207627766166	0.0031537211076315672	0.02608356365267503	3.4623825256863887E-4	4.851750015136322E-4	0.04106790542321231	0.07109388271882246	2.6130021384980387E-4
107	q107	0.0016138626094714126	4.7549799137047423E-4	0.564506044519287	6.248640792235285E-5	0.0010031705011375536	4.211089307925403E-4	0.08825176898088438	0.23135229404877883	0.09624845774677616	0.0014036165759663218	9.681805236630367E-4	0.001356687146925112	0.0035632944794667387	9.470012650745452E-5	0.008678829411050658
108	q108	0.0012172061138905055	0.030331901946595765	0.3478307711433474	4.7128446567738205E-5	0.006751264869772848	3.176084272393284E-4	0.07855048463643124	0.006640010048027536	6.565782881569802E-4	0.0010586345255150593	0.2525057071864599	0.0010232394506089861	0.0986019761876755	7.142465058338029E-5	0.17439606407912794
109	q109	7.205023871661673E-4	2.122841410814735E-4	8.33516647371075E-5	2.7896802249009315E-5	0.00399628493445112	0.032123814326534196	3.6698366402770135E-4	3.8200617300859514E-4	3.886492341601357E-4	0.1141761925374869	4.322402504482613E-4	6.05687449638206E-4	0.0015908183035932021	0.8445670836492767	3.262044821411902E-4
110	q110	0.5663046174442332	3.674404124469859E-4	0.10455707280175555	0.012332145140463968	7.751986115235576E-4	3.2541134142239465E-4	6.352082081340785E-4	6.612105127236128E-4	0.30776918030631545	0.0010846427596970841	7.481601550251575E-4	0.001048378108582357	0.002753530860207597	7.317939123652313E-5	5.646239462325756E-4
111	q111	0.008525977042370122	0.002512038468656016	9.86331749415861E-4	3.3011340387931084E-4	0.005299713006600403	0.002224703054152904	0.004342656388317342	0.0045204234144526215	0.2985278916665395	0.1753746026061951	0.005114862237451914	0.049157165409428966	0.43872312333588837	5.002972990225943E-4	0.0038601009176290205
112	q112	0.022489865095610607	2.1690210429240936E-4	8.516487093972484E-5	0.09429448986245158	4.5760402064722017E-4	1.9209211160276676E-4	3.749669125683634E-4	3.9031621653948256E-4	3.9710378877814214E-4	0.6605021740227845	0.05120025102531951	6.188633861236419E-4	0.005251039324338425	0.08705795469271262	0.07647121256529088
113	q113	0.05548690586377645	4.6084646599595406E-4	0.054103718889740984	6.0561013477261155E-5	9.722597963204319E-4	4.081332962011907E-4	0.05471945402591524	0.6787155618816549	8.437164696442963E-4	0.0013603669213892433	9.38347965446165E-4	0.001314883529414199	0.14981530624728437	9.178213036094042E-5	7.081555033784266E-4
114	q114	0.004530788536143525	0.0013349220904041146	5.241464480703645E-4	1.7542552818180227E-4	0.002816319914518655	0.0011822292089209564	0.0023077305607110874	0.0024021977168053937	0.0024439717703636076	0.6064135363022688	0.11428716180825021	0.0930640479957247	0.054631289954920365	2.658629334574201E-4	0.11362036923125901
115	q115	5.804451506605273E-4	1.7101858709658768E-4	0.0829680430954347	0.4917105350706329	3.60802368958594E-4	1.5145690552830133E-4	0.2518569799083069	0.09464324873223302	0.03747557010180865	5.048276291457244E-4	3.4821780158116625E-4	0.0033466004119322144	0.035585400047744124	3.4060042580820525E-5	2.6279414635570756E-4
116	q116	0.008182399424950193	0.32479273961439353	9.465848077145347E-4	3.16810579320953E-4	0.005086146542749007	0.0021350525459455524	0.004167657144505546	0.4073156738386961	0.004413702614653259	0.007116436923833963	0.004908744842079902	0.16806946665666075	0.05836390044726589	4.801364478796002E-4	0.003704547569351322
117	q117	0.5827673382173251	0.0015025614827978543	0.07593791310305754	1.9745544975261511E-4	0.1036339189651914	0.0013306934434094606	0.002597535150647086	0.002703865483448596	0.15344677430401277	0.004435392455780965	0.0030594256750870207	0.004287096661126226	0.06149188228428738	2.9924997600109913E-4	0.002308897348074904
118	q118	7.999856488390467E-4	2.3570257276904241E-4	9.254672404180584E-5	3.097427828863165E-5	0.028076379007053176	2.0874211922062313E-4	4.074679970669182E-4	0.004364020757002979	0.7844662548497968	6.957674777615879E-4	4.799234580876646E-4	6.725047356168431E-4	0.17906059767573776	4.6942497895789924E-5	3.6219020082127934E-4
119	q119	0.001552177822794955	0.38267565068865567	0.07662322985737827	6.009806289208359E-5	9.648274860632701E-4	4.0501337568701814E-4	0.23776595547130427	8.229556493863021E-4	8.372667916927799E-4	0.008994334320049787	9.311748896543177E-4	0.0013048320777552668	0.15631442967476156	9.108051411445216E-5	0.13065697331781007
120	q120	0.005832167608339574	0.0017183519630643834	6.746971111267473E-4	2.2581302900722235E-4	0.00362525190684756	0.3749209964671268	0.0029705803565068818	0.03181519635764751	0.0031459541492844085	0.49336363717988524	0.0034988053233244143	0.033625803399884	0.04160002854993499	3.422267837925391E-4	0.0026404898142277375
121	q121	0.015868153255500964	7.890877783078564E-4	0.15858925441015334	1.0369604435083962E-4	0.0016647590449858718	6.988292624895323E-4	0.0013641260371482745	0.0014199666580064936	0.001444659780811275	0.08146901106008886	0.6874842034371508	0.0022514190723297257	0.04548313501423744	1.5715463322119163E-4	0.001212544511217474
122	q122	0.0028672988065761543	8.448022868764964E-4	0.02857419450952311	1.1101763050429405E-4	0.3830559119381417	7.481709580566371E-4	0.0014604418259295715	0.0015202251421821548	0.0015466617531512616	0.48261608569602876	0.0017201358057105885	0.0024103832720616036	0.07693701711105537	1.682507284844838E-4	0.015419402535717759
123	q123	0.003773065230950526	0.0011116714199199183	0.0376006503260251	1.4608758623885654E-4	0.002345322158369495	9.845147014940058E-4	0.057668030834153484	0.6895374442853835	0.002035245043687782	0.04044569042862049	0.07659184167163154	0.0031718121934909862	0.08265898405384738	2.21400355020879E-4	0.0017082397111659992
