q	label	t0	t1	t2	t3	t4	t5	t6	t7	t8	t9	t10	t11	t12	t13	t14
0	q0	0.0018476227256852128	0.08952183625584038	0.0017310028060155901	0.0220229113487872	0.0033834734081231513	5.739390327537221E-4	6.589938594120204E-4	0.0016888853553444895	0.00204396369047581	0.044164709042053725	0.001976779076303542	0.04312099179662807	7.906249669414582E-4	0.32263781848944056	0.4638364481461951
1	q1	0.002254004864821952	0.03589582465125961	0.026550474336030964	0.0024280813610646312	0.10188262298671767	7.001761528227174E-4	8.039386744670064E-4	0.002060353422888999	0.026932270547057057	0.7870408711013996	0.002411568981440186	0.003727916505576793	9.64521867458E-4	0.0025817371378564617	0.0037656374091383712
2	q2	0.005147199400783289	0.13777877712834682	0.004822313820898326	0.00554471692664788	0.06523365496653201	0.0015989079395960055	0.001835857911429112	0.004704980929370695	0.005694175838272485	0.7369221145929793	0.005507009594319134	0.00851299387288178	0.00220256240601076	0.00589560211530619	0.008599132556626145
3	q3	0.002983016506646099	0.015162643970010386	0.002794731777008336	0.00321339447513023	0.005462672051993947	9.266337681995699E-4	0.03340690505769117	0.0027267324777882247	0.0033000121415011326	0.9122213022966834	0.0031915415050002747	0.004933634636326502	0.0012764766822611134	0.0034167470613047785	0.00498355559245482
4	q4	0.002641306005850502	0.29980572771857483	0.002474589668178837	0.0028452937177579117	0.03347491154519094	8.20486018671494E-4	9.42077846567971E-4	0.0024143798245445346	0.002921989157387057	0.6072585330965485	0.0028259440490177885	0.03300647642248585	0.0011302537279537755	0.0030253518588950405	0.004412679342374965
5	q5	0.002053285977939841	0.2553240321749513	0.001923684819393091	0.0022118609812161643	0.31543471333004397	6.378255429330284E-4	0.08978223873776042	0.0018768791757477023	0.00227148211955214	0.026818314505489747	0.0021968190271927104	0.07018336398395963	8.786313005692202E-4	0.0023518337278770466	0.22605503459537402
6	q6	0.024869413290450223	0.14729072451222092	0.0019674859209538546	0.002262223673950364	0.003845710862668642	6.523484320791166E-4	7.490231303394642E-4	0.0019196145420433844	0.04786195289542891	0.7105102089787124	0.002246839224030903	0.003473269515865146	8.986371863789547E-4	0.0024053835126080355	0.049047164322269736
7	q7	0.002719177818842379	0.2201977523658175	0.002547546297757243	0.2682700054150477	0.0049795154141111094	8.446758450933147E-4	9.698524814377044E-4	0.002485561328607996	0.0030081361591825077	0.15344489609728423	0.002909259418771685	0.15190883965921884	0.0011635762232427103	0.0031145462323105668	0.18143665924327457
8	q8	0.07204866697380427	0.12742268415251587	0.0020133281450369707	0.002314933258035767	0.05053511439386309	6.67548084938204E-4	0.024066374721378833	0.0019643413678124342	0.0023773327294256976	0.7037651259626476	0.002299190351980436	0.0035541963462691747	9.195753424433362E-4	0.0024614287065362096	0.0035901594633121594
9	q9	0.0028017808001049574	0.014241424631527312	0.0026249354694550244	0.003018161959051927	0.339287963507371	8.703353450060124E-4	9.993145878863991E-4	0.002561067525529462	0.0030995170953869748	0.006216606111392692	0.0029976366847200677	0.004633887465253753	0.0011989232550918512	0.003209159685791336	0.6122392858764313
10	q10	0.003303556814443585	0.3033388544524377	0.0030950399321988255	0.003558690068311869	0.006049663970088152	0.036844568684211224	0.0011782836531899024	0.0030197337621473037	0.0036546152438357957	0.0073299493954822	0.0393528522861704	0.4352841396015796	0.0014136405992949907	0.003783893924976735	0.14879251761163168
11	q11	0.002719177818842379	0.3381270083011627	0.002547546297757243	0.0029291795605210875	0.0049795154141111094	8.446758450933147E-4	9.698524814377044E-4	0.002485561328607996	0.0030081361591825077	0.006033326178102777	0.002909259418771685	0.1813911536430551	0.0011635762232427103	0.062079174199983156	0.3878128571301286
12	q12	0.00579388772832863	0.029450275126245477	0.005428183890602824	0.006241348907810412	0.1362489738887057	0.0017997929298295208	0.0020665130288843063	0.005296109426915288	0.006409585668527196	0.7666887418624269	0.0061989040687753655	0.009582556821855522	0.0024792898625846365	0.006636318915832693	0.009679517872675686
13	q13	0.004024270780671448	0.2822509660035005	0.0037702632234756658	0.004335064678397314	0.0073694769956021075	0.0012500853379258272	0.001435341585815463	0.0036785280311467106	0.004451917180919428	0.05256167947904904	0.0043055836919633035	0.006655773330533848	0.001722044716543456	0.004609399690923377	0.6175796052735324
14	q14	0.04366214912892305	0.030652128846034604	0.0018032503822880113	0.0020733849535727687	0.003524690829764283	5.978937622899726E-4	0.1258987327974387	0.0017593750582505672	0.0021292734439392487	0.6929379065809821	0.002059284717884622	0.003183338958398583	8.236236064603989E-4	0.0022045945500625778	0.08669037238371056
15	q15	0.004409025310031931	0.3092365600415089	0.004130732469004785	0.0047495337489417465	0.1036825707553838	0.0013696041332723575	0.001572572454815241	0.004030226611709684	0.004877558345008965	0.009782768761425873	0.004717234129349405	0.00729212189525253	0.47992923210311794	0.05285435204886665	0.007365907192310178
16	q16	0.00463037703223147	0.12394462220502883	0.004338112713313961	0.0049879804352379225	0.008479413757118175	0.001438364054641293	0.0016515222445487882	0.004232561036809614	0.0051224324076141175	0.662928899439084	0.004954059238103967	0.05786244759336618	0.001981406505311742	0.005303633782234038	0.10814416755535586
17	q17	0.0034262805772737	0.16601166706883252	0.0032100175057426543	0.18943578693002536	0.5635090882870176	0.0010643277618995735	0.0012220556879157633	0.0031319137883589238	0.040939359500695355	0.007602249531879101	0.003665791538793735	0.005666752594948265	0.0014661559042766972	0.0039244617210542395	0.005724091601286416
18	q18	0.02669274465053632	0.23140574293697458	0.002111734550316598	0.0024280813610646312	0.29739254127243264	7.001761528227174E-4	8.039386744670064E-4	0.24644775128003266	0.026932270547057057	0.005001197958539831	0.002411568981440186	0.003727916505576793	9.64521867458E-4	0.0025817371378564617	0.15039807612342457
19	q19	0.015621453893781303	0.04961206802357111	0.0012358550739372137	0.0014209914165368071	0.23125304421837928	4.0976563601995445E-4	4.704908056864681E-4	0.001205785183274823	0.015761632163114506	0.4606016669096993	0.001411327840147157	0.0021816968084083514	0.11498317045855447	0.030115591025145765	0.07371546054374355
20	q20	0.0030827207875778564	0.14936535567112227	0.0028881428330996884	0.003320798904431617	0.005645256287681746	9.576055557641313E-4	0.0010995177971423742	0.0028178707267336903	0.0034103116778601765	0.7755914731440086	0.003298215521087999	0.005098536336568185	0.0013191416120217918	0.003530948343166309	0.03857410480173361
21	q21	0.001811336942742579	0.22523791464865026	0.0016970073418880976	0.0019512262541760137	0.37646131789757414	5.626673446134481E-4	0.02028522508637559	0.04093406368630344	0.002003821933295526	0.31824577716868935	0.0019379567694055313	0.0029957845217625386	7.750977461833213E-4	0.002074705306645066	0.00302609735169519
22	q22	0.02605596958986512	0.27359686003970446	0.0020613575690805264	0.0023701576939315298	0.14716360940204337	6.834729355990343E-4	7.847601259545975E-4	0.0020112021762472305	0.002434045750616842	0.3865736614107418	0.09777698190645334	0.05135045565341388	9.415124887406666E-4	0.002520147899128154	0.003675805358479555
23	q23	0.006182253400692822	0.031424334071984514	0.005792036347750552	0.006659708009452952	0.011321299360920982	0.0019204334779526712	0.0022050318886799435	0.0056511089013513635	0.006839221720251576	0.8180800705676089	0.006614418082762921	0.010224877884600993	0.06967571507722546	0.007081152951046912	0.010328338257717444
24	q24	0.07321249122620621	0.4336057610250649	0.005792036347750552	0.006659708009452952	0.07835153718643438	0.0019204334779526712	0.0022050318886799435	0.0056511089013513635	0.006839221720251576	0.01371721666144815	0.006614418082762921	0.0772551157101144	0.20373619072825225	0.007081152951046912	0.07735857608323085
25	q25	0.12246607002031058	0.16468971747682842	0.00968861893706331	0.011140015231561343	0.35531183274359407	0.00321240182981392	0.003688463336696771	0.009452882791093608	0.011440296485594137	0.022945450810494573	0.011064256583817765	0.01710364706885495	0.004425217567645627	0.011844986539906564	0.24152614257672442
26	q26	0.002008570237895642	0.09732013654387317	0.0018817914878089248	0.002163691850509294	0.003678209784818023	6.239352025334122E-4	0.26204817972494876	0.0018360051610128863	0.0022220145806587754	0.6142307808506199	0.00214897747487146	0.003321990231397723	8.594967770527397E-4	0.0023006163199110873	0.0033556037720882405
27	q27	0.0037012779728847994	0.09907476147874703	0.0034676573674050255	0.003987127178978188	0.006777993917932197	0.0011497519867982432	0.0013201393456575268	0.2441668892793353	0.0040946009592563145	0.008212415212973423	0.003960012371935081	0.1265133751302504	0.001583831338655964	0.0042394437338011655	0.4877507227253893
28	q28	0.0021489686915033565	0.034223086442781325	0.0020133281450369707	0.002314933258035767	0.16703461153103127	6.67548084938204E-4	7.664752939451952E-4	0.0019643413678124342	0.0023773327294256976	0.21446723798654124	0.002299190351980436	0.02685409577370281	9.195753424433362E-4	0.21216052355343895	0.32978875144738307
29	q29	0.006182253400692822	0.6346964745016052	0.005792036347750552	0.006659708009452952	0.011321299360920982	0.0019204334779526712	0.0022050318886799435	0.0056511089013513635	0.006839221720251576	0.28183816796350175	0.006614418082762921	0.010224877884600993	0.0026454772517120694	0.007081152951046912	0.010328338257717444
30	q30	0.0024323344293975977	0.19696930838578264	0.002278808148397343	0.002620183294219554	0.004454231238402349	7.555718222854757E-4	8.675436985735305E-4	0.002223361912582192	0.0026908108390684086	0.6383309659367613	0.002602364508599943	0.08313961835964478	0.001040831713692986	0.05553050326788609	0.004063562444705876
31	q31	0.004024270780671448	0.2386183598938186	0.48372893042997717	0.004335064678397314	0.1818999014343299	0.0012500853379258272	0.001435341585815463	0.0036785280311467106	0.04808452329060137	0.00892907336936708	0.0043055836919633035	0.006655773330533848	0.001722044716543456	0.004609399690923377	0.006723119737985091
32	q32	0.001710555268556573	0.3054381244606721	0.001602586896422843	0.0018426612246824948	0.0031324675670135597	5.313608793933013E-4	6.101058416812927E-4	0.020110055753375114	0.001892330512542859	0.0037953891096638988	0.18729474793454184	0.2253866423786646	7.319717839866475E-4	0.00195926997856652	0.2439617304102364
33	q33	0.002254004864821952	0.08477330422268835	0.14874417326460282	0.0024280813610646312	0.44402497998671886	7.001761528227174E-4	8.039386744670064E-4	0.002060353422888999	0.002493530761342691	0.22494985602996914	0.002411568981440186	0.0770441358627199	9.64521867458E-4	0.0025817371378564617	0.0037656374091383712
34	q34	0.005147199400783289	0.2493943896269154	0.06063012007018261	0.00554471692664788	0.1768492674651006	0.0015989079395960055	0.001835857911429112	0.004704980929370695	0.005694175838272485	0.17884405210013637	0.2287382345914563	0.06432080012216608	0.00220256240601076	0.00589560211530619	0.008599132556626145
35	q35	0.004207871165809503	0.6144910549289103	0.00394227495370682	0.004532844496886398	0.00770569662106996	0.001307118316571544	0.0015008265599444689	0.049469622702606054	0.004655028192470979	0.19182951968052472	0.004502018491501492	0.09820596786329708	0.0018006100244995914	0.004819695569265727	0.007029850432935336
36	q36	0.0031893205712217117	0.29284946586242805	0.07214755923863399	0.0034356313752034193	0.005840467966049095	9.907193380670743E-4	0.0011375388724730524	0.0029153120555159124	0.0035282394799767106	0.04165625395429359	0.003412267063600558	0.005274842563382045	0.0013647572289157296	0.003653047733729312	0.5586045766965098
37	q37	0.004024270780671448	0.3695161782228645	0.0037702632234756658	0.004335064678397314	0.0073694769956021075	0.0012500853379258272	0.001435341585815463	0.39637198301828425	0.004451917180919428	0.00892907336936708	0.09157079591132722	0.006655773330533848	0.001722044716543456	0.004609399690923377	0.093988331957349
38	q38	0.08072301628003829	0.133834503189763	0.0033338672710912162	0.0038332947576135337	0.0065164835196966355	0.001105391944051043	0.0012692053716543967	0.003252750134916616	0.003936621955374663	0.00789556158359223	0.0809717681183852	0.04446765978779517	0.0015227235287161992	0.004075876366738402	0.6232612761905734
39	q39	0.001710555268556573	0.3796239716161333	0.02014904868528815	0.0018426612246824948	0.15150416187793603	0.01907782266825861	6.101058416812927E-4	0.0015635939645098063	0.020438792301408167	0.2263529305760476	0.0018301300458887738	0.15120079522320337	0.019278433572851954	0.00195926997856652	0.0028577271549873858
40	q40	0.002983016506646099	0.1768773885124391	0.035137680685494076	0.16492813901755896	0.005462672051993947	9.266337681995699E-4	0.0010639561492054275	0.0027267324777882247	0.0033000121415011326	0.0066187328590826	0.0031915415050002747	0.49007786826361266	0.0012764766822611134	0.0034167470613047785	0.10201240231791205
41	q41	0.002889559627253806	0.014687603558528797	0.002707173793324452	0.0971016863209802	0.06795083934378081	8.976026515019219E-4	0.0010306227696235703	0.03397096035126094	0.003196623898085702	0.7269934458774368	0.003091551609254219	0.004779065562992337	0.0012364851075999063	0.03463935701561179	0.004827422512764795
42	q42	0.004024270780671448	0.2822509660035005	0.0037702632234756658	0.004335064678397314	0.0073694769956021075	0.0012500853379258272	0.2632309782439072	0.0036785280311467106	0.004451917180919428	0.22709210391777684	0.0043055836919633035	0.18118619776926165	0.001722044716543456	0.004609399690923377	0.006723119737985091
43	q43	0.00579388772832863	0.5320057638037804	0.005428183890602824	0.006241348907810412	0.010610101719321944	0.0017997929298295208	0.0020665130288843063	0.005296109426915288	0.006409585668527196	0.012855508846124438	0.1318377762381591	0.009582556821855522	0.0024792898625846365	0.25791406325460015	0.009679517872675686
44	q44	0.005147199400783289	0.1935865833776311	0.004822313820898326	0.00554471692664788	0.009425848717247708	0.0015989079395960055	0.001835857911429112	0.004704980929370695	0.005694175838272485	0.7369221145929793	0.005507009594319134	0.00851299387288178	0.00220256240601076	0.00589560211530619	0.008599132556626145
45	q45	0.0024323344293975977	0.17059705466104302	0.002278808148397343	0.002620183294219554	0.004454231238402349	7.555718222854757E-4	0.15910106604701119	0.05496786936206141	0.08180757201328724	0.0053968765430106175	0.002602364508599943	0.5050956779554786	0.001040831713692986	0.0027859958184068626	0.004063562444705876
46	q46	0.004024270780671448	0.10772054156477275	0.0037702632234756658	0.04796767078807926	0.6182259625311495	0.13214790366697168	0.001435341585815463	0.0036785280311467106	0.004451917180919428	0.00892907336936708	0.0043055836919633035	0.006655773330533848	0.001722044716543456	0.04824200580060533	0.006723119737985091
47	q47	0.004207871165809503	0.021388568322264222	0.14081207955524053	0.004532844496886398	0.5095616468266936	0.001307118316571544	0.0015008265599444689	0.0038463545020948156	0.004655028192470979	0.2830760560815472	0.004502018491501492	0.0069594314622746034	0.0018006100244995914	0.004819695569265727	0.007029850432935336
48	q48	0.00210003801691544	0.03344384814454701	0.0019674859209538546	0.025031598947485145	0.026615086136203427	6.523484320791166E-4	7.490231303394642E-4	0.0019196145420433844	0.002323202348359347	0.8926652111669906	0.002246839224030903	0.003473269515865146	8.986371863789547E-4	0.0024053835126080355	0.003508413775200173
49	q49	0.0023104698359248618	0.13699886336687886	0.05226654255473958	0.002488907114383872	0.004231065758959665	7.177162330830164E-4	8.240781048341529E-4	0.002111967240720931	0.027606949604724245	0.7566550883414852	0.002471981083904947	0.0038213043686851017	9.886840599288857E-4	0.002646412114898221	0.0038599702168485403
50	q50	0.00579388772832863	0.09226971121093734	0.005428183890602824	0.006241348907810412	0.3247072821427812	0.0017997929298295208	0.0020665130288843063	0.005296109426915288	0.006409585668527196	0.012855508846124438	0.0061989040687753655	0.13522142899123926	0.0024792898625846365	0.006636318915832693	0.38659613438082685
51	q51	0.0031893205712217117	0.25826969332077904	0.0029880141553360693	0.0034356313752034193	0.10957978559099599	9.907193380670743E-4	0.0011375388724730524	0.0029153120555159124	0.0035282394799767106	0.007076481412644628	0.003412267063600558	0.005274842563382045	0.0013647572289157296	0.07281259281702725	0.5240248041548607
52	q52	0.002641306005850502	0.09933973128175376	0.002474589668178837	0.0028452937177579117	0.233940907982012	8.20486018671494E-4	9.42077846567971E-4	0.031052379315518974	0.002921989157387057	0.4640685356416764	0.0028259440490177885	0.004368476931511414	0.0011302537279537755	0.14621534931376723	0.004412679342374965
53	q53	0.005451431853441319	0.14592238533664786	0.0051073434548766315	0.005872445211204307	0.24640859695119516	0.001693413639912116	0.0019443688727570783	0.00498307543793663	0.006030738101797792	0.24852128613485777	0.0058325091340175675	0.009016166336924163	0.002332747951729283	0.3017760952141018	0.009107396368600435
54	q54	0.0377475847604609	0.408561571034736	0.0010548186107736917	0.001212834921765952	0.00206178216900825	3.497403765575554E-4	0.03702327175236489	0.0010291535623683226	0.025659994881994528	0.0024981154388179654	0.03782628857414531	0.0018621070100421897	4.8178196267156933E-4	0.4407500062142599	0.0018809487300329845
55	q55	0.002008570237895642	0.09732013654387317	0.0018817914878089248	0.2199401756166145	0.003678209784818023	6.239352025334122E-4	0.21849288297172773	0.0018360051610128863	0.0022220145806587754	0.004456626305525317	0.00214897747487146	0.4388749577636082	8.594967770527397E-4	0.0023006163199110873	0.0033556037720882405
56	q56	0.005451431853441319	0.26413519543750874	0.0051073434548766315	0.005872445211204307	0.42372781210248645	0.001693413639912116	0.0019443688727570783	0.18230229058922792	0.006030738101797792	0.012095665933136015	0.0058325091340175675	0.0681225713873546	0.002332747951729283	0.006244069961949652	0.009107396368600435
57	q57	0.055298748387279	0.22298125080966133	0.001545268374693262	0.4488548666790951	0.003020430952519926	5.123560939556208E-4	5.882846443273074E-4	0.0015076700736861351	0.0018246489485385328	0.0036596422783126167	0.0017646731592529323	0.0027279145850510346	7.057918990147134E-4	0.001889194240962991	0.2531192588736496
58	q58	0.00196576059486801	0.41494826478799335	0.023155174613585756	0.0021175760244383354	0.024913304965980165	6.106369654148471E-4	7.011302378366856E-4	0.0017968734821415518	0.06611512770691445	0.06830211205562953	0.0021031752635083893	0.02456467769468855	8.41177900513188E-4	0.3645809235640913	0.0032840841423959393
59	q59	0.001620397355639153	0.4650288243829094	0.0015181196520687855	0.0017455404281288603	0.07324311293635957	5.033545420520413E-4	5.779491085105913E-4	0.2825841728922993	0.0017925918062309718	0.0035953462539159236	0.0017336697278050282	0.125662546579077	6.933918856508493E-4	0.0018560031064832965	0.03784497934286924
60	q60	0.00579388772832863	0.09226971121093734	0.005428183890602824	0.194699657161886	0.5759850264815487	0.0017997929298295208	0.0020665130288843063	0.005296109426915288	0.006409585668527196	0.0756749449308163	0.0061989040687753655	0.009582556821855522	0.0024792898625846365	0.006636318915832693	0.009679517872675686
61	q61	0.0031893205712217117	0.18911014823748112	0.0029880141553360693	0.0034356313752034193	0.2478988757575918	9.907193380670743E-4	0.0011375388724730524	0.0029153120555159124	0.0035282394799767106	0.1453955715792405	0.003412267063600558	0.03985461510503101	0.0013647572289157296	0.003653047733729312	0.35112594144661596
62	q62	0.002254004864821952	0.06033456443697398	0.002111734550316598	0.0024280813610646312	0.12632136277243203	7.001761528227174E-4	8.039386744670064E-4	0.19757027170860395	0.026932270547057057	0.005001197958539831	0.002411568981440186	0.003727916505576793	9.64521867458E-4	0.0025817371378564617	0.5658566524805688
63	q63	0.014199819593100736	0.1621038580813448	0.0011233857752582556	0.0012916737389085053	0.0021958057401415244	3.724748122997592E-4	0.03942992322596669	0.027097552104604315	0.0013264910530735516	0.37968224798919137	0.0012828895986940142	0.001983150947209521	0.3385325957241626	0.027374914166402257	0.002003217449642136
64	q64	0.002889559627253806	0.04601725902106913	0.002707173793324452	0.003112719933359169	0.0052915284187001295	8.976026515019219E-4	0.0010306227696235703	0.0026413048887206007	0.003196623898085702	0.8836417231901385	0.003091551609254219	0.03610872102553268	0.0012364851075999063	0.0033097015530714527	0.004827422512764795
65	q65	0.013015354056884846	0.2677451431797428	0.0010296795330102851	0.036932840910341644	0.06159416286921103	3.414051514928075E-4	3.9199964728994395E-4	0.0010046261496258725	0.036964753968686974	0.4910070292639166	0.0011758784844710425	0.0018177281448504773	4.7029984233267657E-4	0.08467297798061589	0.0018361208175271585
66	q66	0.24582518497819444	0.16613105224283325	0.0026249354694550244	0.003018161959051927	0.005130782762497929	8.703353450060124E-4	0.3047785698104983	0.2152065461813578	0.0030995170953869748	0.006216606111392692	0.0029976366847200677	0.03501181298751494	0.0011989232550918512	0.003209159685791336	0.004680775431207539
67	q67	0.1823953738187686	0.08842867404724768	0.0030950399321988255	0.003558690068311869	0.006049663970088152	0.0010262052833462253	0.0011782836531899024	0.0030197337621473037	0.0036546152438357957	0.6878788540119172	0.003534488885305405	0.0054637787911996135	0.0014136405992949907	0.003783893924976735	0.0055190640081717
68	q68	0.0018476227256852128	0.490173775565297	0.12192658459885258	0.001990314383314371	0.2838398309247428	5.739390327537221E-4	6.589938594120204E-4	0.0016888853553444895	0.08217435155236714	0.004099515111108065	0.001976779076303542	0.0030557978656824093	7.906249669414582E-4	0.0021162670418752145	0.0030867179403199843
69	q69	0.001811336942742579	0.14668122136230455	0.0016970073418880976	0.06086874621893529	0.21934793132488273	5.626673446134481E-4	6.460517647891665E-4	0.00165571704313059	0.02164299525488195	0.4360808170982079	0.0019379567694055313	0.10119165112969467	7.750977461833213E-4	0.002074705306645066	0.00302609735169519
70	q70	0.0028017808001049574	0.5610440840322287	0.0026249354694550244	0.003018161959051927	0.06588663380702031	8.703353450060124E-4	0.15288894219919233	0.002561067525529462	0.0030995170953869748	0.006216606111392692	0.0029976366847200677	0.004633887465253753	0.1227106253441366	0.003209159685791336	0.06543662647572991
71	q71	0.030408467811128527	0.20793683429106904	0.002405695365525479	0.03060677636283316	0.28310922511910963	7.976431155348283E-4	9.158497421193481E-4	0.002347161805940768	0.002840638940845093	0.005697382158723964	0.0027472677952945722	0.4218573195923776	0.0010987866756945457	0.0029411239526365425	0.004289827271166918
72	q72	0.23505210031400048	0.018087690164291365	0.0033338672710912162	0.0038332947576135337	0.12226329654516827	0.001105391944051043	0.0012692053716543967	0.003252750134916616	0.003936621955374663	0.47088281368547874	0.003807226101404107	0.04446765978779517	0.0015227235287161992	0.0812404183837195	0.005944940054724673
73	q73	0.044728563101801254	0.26790389471322057	4.7761417038734254E-4	5.491628030255931E-4	9.335599221633029E-4	1.5835989059576023E-4	1.8182801573724913E-4	0.0059933396538625	0.017146004882424237	0.6588853536279814	5.454281733609566E-4	8.431484671297357E-4	2.181473573358631E-4	5.839153605128257E-4	8.516798604614037E-4
74	q74	0.0015924202251279647	0.05989105272219467	0.001491908407345558	0.0017154026275453397	0.48635289604558823	4.946638245145304E-4	5.679704711218331E-4	0.0014556084206939991	0.0017616416354338657	0.29704844870684155	0.0017037368819698372	0.0026337164279092097	0.06974381494397534	0.019089556822716305	0.054457161837021796
75	q75	0.002641306005850502	0.44299572517344704	0.002474589668178837	0.0028452937177579117	0.03347491154519094	8.20486018671494E-4	9.42077846567971E-4	0.4319843721891611	0.002921989157387057	0.005860543786085387	0.0028259440490177885	0.004368476931511414	0.0011302537279537755	0.0030253518588950405	0.06168867832432384
76	q76	0.002008570237895642	0.38042956543980994	0.0018817914878089248	0.002163691850509294	0.003678209784818023	6.239352025334122E-4	7.163992056225023E-4	0.0018360051610128863	0.0022220145806587754	0.004456626305525317	0.045704274228092506	0.5477631996466608	8.594967770527397E-4	0.0023006163199110873	0.0033556037720882405
77	q77	0.001776448953841142	0.20163872348813686	0.001664321444575251	0.13673997935082008	0.041774946025117686	0.11611726027398347	0.28954718425227777	0.0016238264343423666	0.07900884678371714	0.1195070247800231	0.001900629968042935	0.002938083000482849	7.601686620751883E-4	0.0020347446046884276	0.0029678119778758067
78	q78	0.04057525960907072	0.017415750941644464	0.0032100175057426543	0.003690891771040251	0.006274402810062375	0.0010643277618995735	0.0012220556879157633	0.0031319137883589238	0.003790380468898337	0.7505818301678194	0.003665791538793735	0.005666752594948265	0.0014661559042766972	0.0039244617210542395	0.15432000772847448
79	q79	0.002200233920569453	0.05889523901604344	0.0020613575690805264	0.0023701576939315298	0.004029195386269366	6.834729355990343E-4	7.847601259545975E-4	0.0020112021762472305	0.002434045750616842	0.9113998461352465	0.0023540392292706763	0.0036389843148225487	9.415124887406666E-4	0.002520147899128154	0.003675805358479555
80	q80	0.0037012779728847994	0.299727765085004	0.0837288588099078	0.003987127178978188	0.006777993917932197	0.0011497519867982432	0.0013201393456575268	0.0033832849518269513	0.1646170038442619	0.40951842242548736	0.003960012371935081	0.0061215729664962325	0.001583831338655964	0.0042394437338011655	0.006183514070372603
81	q81	0.0021489686915033565	0.0808228852976486	0.0020133281450369707	0.002314933258035767	0.00393531553899581	6.67548084938204E-4	7.664752939451952E-4	0.0019643413678124342	0.0023773327294256976	0.7969647236723821	0.002299190351980436	0.0035541963462691747	0.024219474769876972	0.025761328133969846	0.050189958318179434
82	q82	0.0024982180702047673	0.5544301801920761	0.05651370948329628	0.0026911551198529476	0.004574881165252932	7.760376850146414E-4	8.910424973943397E-4	0.002283585200902452	0.029850283822531305	0.0055430595149502165	0.0026728536841268413	0.004131822660987122	0.05524220049082929	0.2737273399257222	0.00417363048685862
83	q83	0.0031893205712217117	0.3965887834873749	0.10672733178028296	0.0034356313752034193	0.005840467966049095	9.907193380670743E-4	0.035717311414122016	0.0029153120555159124	0.0035282394799767106	0.007076481412644628	0.003412267063600558	0.38565234052152064	0.0013647572289157296	0.003653047733729312	0.039907988571775285
84	q84	0.002889559627253806	0.04601725902106913	0.002707173793324452	0.003112719933359169	0.03662118388124047	8.976026515019219E-4	0.06368993369470426	0.0026413048887206007	0.003196623898085702	0.7896527568025175	0.003091551609254219	0.03610872102553268	0.0012364851075999063	0.0033097015530714527	0.004827422512764795
85	q85	0.002983016506646099	0.20922033742092483	0.002794731777008336	0.00321339447513023	0.1995203655029084	9.266337681995699E-4	0.0010639561492054275	0.0027267324777882247	0.0033000121415011326	0.0066187328590826	0.03553449041348601	0.10196248136178372	0.0012764766822611134	0.42387508287161946	0.00498355559245482
86	q86	0.002008570237895642	0.031987191414041605	0.0018817914878089248	0.002163691850509294	0.003678209784818023	6.239352025334122E-4	7.163992056225023E-4	0.06716895029084445	0.0022220145806587754	0.8755625613699461	0.00214897747487146	0.003321990231397723	8.594967770527397E-4	0.0023006163199110873	0.0033556037720882405
87	q87	0.0071393593049592415	0.03628929410008143	0.0840962586019074	0.23991331454951562	0.013074006951504508	0.0022177454937127197	0.002546404023234441	0.006525985640394408	0.007898036211470321	0.015840848322243944	0.007638429586333692	0.011807842923312937	0.0030550369596548674	0.008177422039224544	0.5537800152924499
88	q88	0.12366424195430219	0.08681598028621743	0.0051073434548766315	0.18319166036249562	0.009982976749473432	0.001693413639912116	0.0019443688727570783	0.00498307543793663	0.12424354820265866	0.4258405012861491	0.0058325091340175675	0.009016166336924163	0.002332747951729283	0.006244069961949652	0.009107396368600435
89	q89	0.0031893205712217117	0.36200901094572596	0.0029880141553360693	0.0034356313752034193	0.10957978559099599	9.907193380670743E-4	0.0011375388724730524	0.0029153120555159124	0.0035282394799767106	0.007076481412644628	0.10715158468854745	0.03985461510503101	0.0013647572289157296	0.003653047733729312	0.35112594144661596
90	q90	0.06095500565006758	0.13777877712834682	0.004822313820898326	0.00554471692664788	0.1210414612158163	0.0015989079395960055	0.001835857911429112	0.004704980929370695	0.005694175838272485	0.45788308334655786	0.005507009594319134	0.17593641262073467	0.00220256240601076	0.00589560211530619	0.008599132556626145
91	q91	0.0071393593049592415	0.03628929410008143	0.006688730777250402	0.08509825890020159	0.013074006951504508	0.0022177454937127197	0.002546404023234441	0.006525985640394408	0.007898036211470321	0.789916126568814	0.007638429586333692	0.011807842923312937	0.0030550369596548674	0.008177422039224544	0.011927320519850909
92	q92	0.0021489686915033565	0.17402248300738316	0.0020133281450369707	0.048914732112903044	0.027235214966429448	6.67548084938204E-4	7.664752939451952E-4	0.0019643413678124342	0.025677232156859332	0.004768143139638502	0.002299190351980436	0.0035541963462691747	9.195753424433362E-4	0.0024614287065362096	0.7025871422863212
93	q93	0.0037012779728847994	0.018813560036244247	0.0034676573674050255	0.003987127178978188	0.006777993917932197	0.0011497519867982432	0.0013201393456575268	0.0033832849518269513	0.0040946009592563145	0.8509550303592527	0.044090613093186466	0.0061215729664962325	0.001583831338655964	0.044370044455052556	0.006183514070372603
94	q94	0.08911916374433773	0.3150966203099784	0.08899238499425102	0.002163691850509294	0.047233506538039066	0.04417923195575446	0.022494047582233022	0.04539130191423393	0.0022220145806587754	0.06978957143535687	0.00214897747487146	0.264653770750724	8.594967770527397E-4	0.0023006163199110873	0.0033556037720882405
95	q95	0.004875129138387897	0.02478023412492264	0.0045674163350140455	0.005251634714034999	0.00892761794472108	0.0015143929890763575	0.0017388182778747632	0.004456285416268094	0.005393193538226261	0.010816962409905683	0.48093721492904706	0.43092638752448564	0.00208613953503079	0.0055839728408999785	0.008144600282104586
96	q96	0.002008570237895642	0.27154132355675736	0.0018817914878089248	0.002163691850509294	0.003678209784818023	6.239352025334122E-4	7.163992056225023E-4	0.0018360051610128863	0.0022220145806587754	0.24401075844824105	0.00214897747487146	0.003321990231397723	0.10974773866010534	0.02407826469652161	0.33002032942124604
97	q97	0.15653760728115307	0.1405189982610176	0.0022202550196845938	0.002552858657968218	0.0043397814216409245	7.361576850343334E-4	8.452524855628016E-4	0.0021662334542984153	0.0026216714542928892	0.4163722612219555	0.0025354977194247744	0.003919491364684554	0.001014087929516579	0.25966069532631514	0.003959150717450779
98	q98	0.15524306802488202	0.22435308286679587	0.004338112713313961	0.0049879804352379225	0.058683644088001696	0.001438364054641293	0.0016515222445487882	0.004232561036809614	0.0051224324076141175	0.06047813546848179	0.004954059238103967	0.007658217262482667	0.05218563683619525	0.40693747642930217	0.00773570689358883
99	q99	0.0024982180702047673	0.012698418219800781	0.002340533286068746	0.0026911551198529476	0.35670052644723194	7.760376850146414E-4	0.13632398299046317	0.002283585200902452	0.0027636957239175397	0.1138894119094053	0.0026728536841268413	0.3562574679429661	0.0010690242936017625	0.0028614589395845095	0.00417363048685862
100	q100	0.001811336942742579	0.18595956800547742	0.0016970073418880976	0.0019512262541760137	0.12115206471695059	5.626673446134481E-4	6.460517647891665E-4	0.00165571704313059	0.11983886186281409	0.10221487063123869	0.0019379567694055313	0.4350575975966639	7.750977461833213E-4	0.002074705306645066	0.022665270673281616
101	q101	0.0035584742630572013	0.056669961172781905	0.0033338672710912162	0.0038332947576135337	0.0065164835196966355	0.11685220496952269	0.27134510243108817	0.003252750134916616	0.003936621955374663	0.3551360006600071	0.003807226101404107	0.005885388779304626	0.0015227235287161992	0.15840496040070057	0.005944940054724673
102	q102	0.003303556814443585	0.016791947245517688	0.0030950399321988255	0.07519541687004187	0.11350475417268314	0.0010262052833462253	0.0011782836531899024	0.0030197337621473037	0.0036546152438357957	0.7595155808136472	0.003534488885305405	0.0054637787911996135	0.0014136405992949907	0.003783893924976735	0.0055190640081717
103	q103	0.0037012779728847994	0.2194665636425012	0.0034676573674050255	0.003987127178978188	0.04690859463918359	0.0011497519867982432	0.0013201393456575268	0.0033832849518269513	0.0040946009592563145	0.008212415212973423	0.003960012371935081	0.36729697945775874	0.001583831338655964	0.0042394437338011655	0.3272283198403837
104	q104	0.00579388772832863	0.029450275126245477	0.005428183890602824	0.006241348907810412	0.19906840997339753	0.0017997929298295208	0.0020665130288843063	0.005296109426915288	0.006409585668527196	0.703869305777735	0.0061989040687753655	0.009582556821855522	0.0024792898625846365	0.006636318915832693	0.009679517872675686
105	q105	0.0016794081887559042	0.354502738336659	0.001573405786131967	0.0018091086600470275	0.0030754292362000168	5.216854599446316E-4	0.018807750406301612	0.001535122866917311	0.0018578735320717464	0.0037262798036705033	0.001796805658403182	0.14844761716382637	7.186434899602823E-4	0.0019235941138369566	0.4580245372972735
106	q106	0.004409025310031931	0.21362805098976784	0.004130732469004785	0.0047495337489417465	0.00807406170364273	0.0013696041332723575	0.001572572454815241	0.004030226611709684	0.004877558345008965	0.009782768761425873	0.19593425223283154	0.48533466715395784	0.0018866868444126037	0.005050097522996117	0.05517016171818071
107	q107	0.0034262805772737	0.017415750941644464	0.0032100175057426543	0.04083987080283727	0.006274402810062375	0.0010643277618995735	0.0012220556879157633	0.0031319137883589238	0.003790380468898337	0.044751228563676124	0.003665791538793735	0.0799647106585423	0.0014661559042766972	0.7840530213887916	0.005724091601286416
108	q108	0.0021489686915033565	0.36042167842685224	0.0020133281450369707	0.002314933258035767	0.00393531553899581	6.67548084938204E-4	7.664752939451952E-4	0.0019643413678124342	0.0023773327294256976	0.004768143139638502	0.11879868748914862	0.30645288890290645	9.195753424433362E-4	0.18886062412600532	0.0035901594633121594
109	q109	0.004024270780671448	0.32588357211318253	0.0037702632234756658	0.004335064678397314	0.1818999014343299	0.0012500853379258272	0.001435341585815463	0.0036785280311467106	0.004451917180919428	0.00892907336936708	0.0043055836919633035	0.44298183442735334	0.001722044716543456	0.004609399690923377	0.006723119737985091
110	q110	0.002641306005850502	0.15661573026370265	0.002474589668178837	0.43241528608237445	0.004836912054216496	0.029458485509645933	0.029580077337542407	0.0024143798245445346	0.002921989157387057	0.32087853818680423	0.0028259440490177885	0.004368476931511414	0.0011302537279537755	0.0030253518588950405	0.004412679342374965
111	q111	0.006182253400692822	0.031424334071984514	0.005792036347750552	0.006659708009452952	0.011321299360920982	0.0019204334779526712	0.0022050318886799435	0.0056511089013513635	0.006839221720251576	0.6169893570910687	0.006614418082762921	0.27834582918665457	0.0026454772517120694	0.007081152951046912	0.010328338257717444
112	q112	0.002719177818842379	0.3381270083011627	0.002547546297757243	0.0029291795605210875	0.24083802728480144	8.446758450933147E-4	9.698524814377044E-4	0.002485561328607996	0.0030081361591825077	0.3893034079679746	0.002909259418771685	0.0044972697400373785	0.0011635762232427103	0.0031145462323105668	0.004542775340256852
113	q113	0.11059097234197118	0.13049607732850593	0.0045674163350140455	0.005251634714034999	0.00892761794472108	0.0015143929890763575	0.0017388182778747632	0.004456285416268094	0.005393193538226261	0.010816962409905683	0.05807384211471394	0.06092093631194411	0.00208613953503079	0.0055839728408999785	0.5895817379018127
114	q114	0.0012824326740181226	0.1594692044075341	0.001201486930416583	0.0013814747790482902	0.07187147001062924	3.9837038063317943E-4	4.57406831783723E-4	0.01507685431071556	0.0014187126975290494	0.60074331363006	0.0013720799390074935	0.04383482871482095	0.09788097918158128	0.0014688983652990876	0.002142487146923466
115	q115	0.04983113936632074	0.021388568322264222	0.00394227495370682	0.004532844496886398	0.5551849150272048	0.001307118316571544	0.0015008265599444689	0.0038463545020948156	0.004655028192470979	0.009336446878479758	0.004502018491501492	0.0069594314622746034	0.0018006100244995914	0.004819695569265727	0.32639272783651396
116	q116	0.0024982180702047673	0.2564777111073247	0.002340533286068746	0.0026911551198529476	0.32961393834861813	7.760376850146414E-4	8.910424973943397E-4	0.02937017329951622	0.0027636957239175397	0.16806258810663283	0.029759441782740606	0.031218410759600888	0.0010690242936017625	0.0028614589395845095	0.13960657097992746
117	q117	0.0010372494884497226	0.1402271594182812	9.717794385641308E-4	0.001117356128633528	0.10311559389588494	0.011568443397963965	3.699570448361568E-4	9.481348364729739E-4	0.046132418121112885	0.632090662873351	0.001109757450571271	0.0017155151476118265	4.43854327571919E-4	0.057419244852081185	0.001732873578613349
118	q118	0.001710555268556573	0.11997350657201901	0.001602586896422843	0.0018426612246824948	0.3740617033443197	5.313608793933013E-4	6.101058416812927E-4	0.0015635939645098063	0.001892330512542859	0.0037953891096638988	0.0018301300458887738	0.0028291009122809094	7.319717839866475E-4	0.4656208147001992	0.021404188943852695
119	q119	0.0037012779728847994	0.09907476147874703	0.0034676573674050255	0.003987127178978188	0.006777993917932197	0.0011497519867982432	0.0013201393456575268	0.0033832849518269513	0.0040946009592563145	0.168734818097979	0.003960012371935081	0.0061215729664962325	0.001583831338655964	0.5259372531100692	0.16670591695537815
120	q120	0.0014658742428636073	0.40478955451273896	0.12852167945403056	0.17640803669576077	0.05036501714057114	4.553540251436987E-4	5.228351607112368E-4	0.14438180534221634	0.0016216480158879614	0.050933113145578066	0.0015683448203476851	0.03421150342149414	6.272691706444353E-4	0.0016790123354623466	0.0024489525165490786
121	q121	0.002889559627253806	0.014687603558528797	0.002707173793324452	0.003112719933359169	0.28725842758156317	8.976026515019219E-4	0.0010306227696235703	0.0026413048887206007	0.1598449012107874	0.006411370239008947	0.003091551609254219	0.2867459647258554	0.0012364851075999063	0.22261728979085382	0.004827422512764795
122	q122	0.0015392674759979394	0.34161002766719606	0.0014421106014339672	0.0016581448986618872	0.002818795471947009	4.7815264125195483E-4	5.490124150205454E-4	0.01809631955814925	0.0017028405134513192	0.02010463214715121	0.0016468685392786754	0.16943877968324983	6.586752156740223E-4	0.0017630769435772145	0.4364932962279591
123	q123	0.0024982180702047673	0.06687159441702831	0.002340533286068746	0.0026911551198529476	0.41087370264445944	7.760376850146414E-4	0.027977630596008107	0.002283585200902452	0.2736295767100552	0.14097600000801905	0.0026728536841268413	0.004131822660987122	0.0010690242936017625	0.0028614589395845095	0.05834680668408616
