0	q0	0.10057739659018824	0.2994870471779234	0.025132762452317887	0.5735296950148266	0.0012730987647438582
1	q1	6.380844101474962E-4	0.004811436221640462	0.0011787337037220272	0.5620085680586939	0.4313631776057961
2	q2	0.004891924923173796	0.005441128595036959	0.5750671993328627	0.09490197748273022	0.3196977696661965
3	q3	0.9937647935166297	6.559131032652344E-4	0.004880112736049533	6.793885105219691E-5	6.312417930033067E-4
4	q4	5.294929349640398E-4	5.889377278982674E-4	0.014592817243174657	0.9769146241680043	0.007374127925958498
5	q5	0.002328806542369376	0.06247012282862353	0.3935211427483646	0.5391871013556326	0.002492826525009938
6	q6	0.054570412951077334	0.1788382613191244	0.002547648124572507	0.29271099940665196	0.47133267819857383
7	q7	0.0033240141819775317	0.025064524351435517	0.0061404533407127555	3.829516684077471E-4	0.9650880564574664
8	q8	0.004227268711720602	0.00470185316158231	0.007809035961312493	4.870134473969625E-4	0.9827748287179876
9	q9	0.0017132657782689804	0.012918775152263848	0.3445730469595961	0.5618688210434699	0.07892609106640115
10	q10	0.8143918163129624	0.17242900945768835	0.008027162927019433	5.006170171673494E-4	0.004651394285162351
11	q11	0.6882153750098059	0.036338044443295234	0.004805581450217543	0.21768949648497518	0.05295150261170616
12	q12	0.8490878115103658	0.0012648364309434772	0.0021006936701298026	0.06592028450412427	0.08162637388443666
13	q13	3.805408173993321E-4	0.6193071745310427	0.02027242501781022	0.3596325169772397	4.0734265650802854E-4
14	q14	0.9169285070760087	0.059242704308682434	0.014513623178501389	9.051475359314931E-4	0.008410017900875949
15	q15	0.013430104479385698	0.007832257688206962	5.393685106951207E-4	0.765798806790176	0.21239946253153624
16	q16	8.463813530326628E-4	0.626620075686687	0.007004204883709877	0.3646233453078594	9.059927687110432E-4
17	q17	0.007914067829067693	2.2246085967578396E-4	0.031225717148797443	0.9604236608759616	2.1409328649745542E-4
18	q18	0.0011371693853944945	0.24980209360550404	0.15560899957206428	0.5922344761678996	0.0012172612691376651
19	q19	0.0018131059580745472	0.49152477875095507	0.0033493516958166543	0.5013719589200075	0.0019408046751463054
20	q20	0.03378606916462211	0.0027120536476167847	0.960610921958152	2.8091191942005854E-4	0.0026100433101890696
21	q21	0.0017132657782689804	0.0019056096656098274	0.09127024076655364	0.24248702193050337	0.6626238618590643
22	q22	0.0013433910732061527	0.2519250908768883	0.20973478983420143	0.5355587208759692	0.0014380073397349204
23	q23	0.6547707912250206	0.33733929850636335	0.004805581450217543	2.9970188387043657E-4	0.0027846269345281434
24	q24	0.0033240141819775317	0.11053385136522954	0.4121197566562344	0.4704642502442749	0.0035581275522836085
25	q25	2.2584952148194375E-4	2.5120505911475525E-4	0.19495832578328304	0.503800396438439	0.3007642231976813
26	q26	0.0023641985156815475	0.5497386297931008	0.004367385299508034	0.4409990752042171	0.0025307111874925763
27	q27	0.22658068864469366	5.752324140571236E-4	0.36332189121496367	0.4089685919242876	5.535958019978854E-4
28	q28	0.3789331295426819	0.006456248796219506	0.6077284841202392	6.68732067005089E-4	0.006213405473854411
29	q29	0.9873278521030395	0.0013330477305442316	0.009918117468923631	1.3807580723736694E-4	0.0012829068902553372
30	q30	0.0033965902527383213	0.1129472323494746	0.8796290491927244	3.9131298272915234E-4	0.0036358152223334456
31	q31	0.004227268711720602	0.2764379169366481	0.4425867380014178	0.27222307722246275	0.004524999127750766
32	q32	3.990894778078858E-4	0.1774575588768817	7.372382255573979E-4	0.8209789157036559	4.2719771609696296E-4
33	q33	0.003254474740513756	0.35926529173070226	0.6336216029478299	3.749401968342856E-4	0.003483690384119822
34	q34	0.8992446594904175	0.002016658642404274	0.09658899362125489	2.0888357077694555E-4	0.0019408046751463054
35	q35	0.021478742081509464	0.0032161489473076267	0.15403925266506652	0.5021879876661083	0.31907786864000803
36	q36	0.005804583340530751	0.30495908575794045	0.04803566481701245	6.68732067005089E-4	0.6405319340175113
37	q37	0.0025586214076848465	0.2988964805285704	0.20209361572715115	0.4937124548743323	0.0027388274622613088
38	q38	8.110787661559406E-4	0.8142476120372493	0.02235331847277068	0.16171978693559155	8.682037882325597E-4
39	q39	0.977609695797355	0.00600790465061824	0.009978181337552837	6.222930097938602E-4	0.005781925204680044
40	q40	0.3188742158820017	0.05897780028489993	0.6187196804783357	3.331256277776423E-4	0.003095177726984997
41	q41	0.003062282921547069	0.4561582815881912	0.3402998905234319	3.5279824024256427E-4	0.20012674672658726
42	q42	0.004470212290111358	0.1199132284080409	0.7841106356956079	5.150023919622771E-4	0.09099092121427747
43	q43	0.5245060708784698	1.4494060047771774E-4	2.4072345998228184E-4	0.4749687762109937	1.394888500764304E-4
44	q44	0.0017518526648821462	0.013209737195809158	0.30728883049792816	0.3492992931500552	0.3284502864913254
45	q45	0.0016584707401217761	0.3749773392265587	0.14165583087702915	0.47993308079945357	0.0017752783568368564
46	q46	0.9142379519593582	0.0017165618665643035	0.08221569069438538	1.77799834145461E-4	0.0016519956455466446
47	q47	7.82519714332989E-4	8.703711648695945E-4	0.15738083705033792	0.6389218156455194	0.20204445642494015
48	q48	0.002946288268705224	0.06009479529233158	0.9334656836071307	3.3943477564815774E-4	0.0031537980561843733
49	q49	0.0012668136651480236	0.3841438974962767	0.18963596913616781	0.4235972831878789	0.0013560365145286351
50	q50	0.004009370594981451	0.004459492190714243	0.5486378328610043	0.4128286300962981	0.030064674257001895
51	q51	0.05638222406409634	6.437123575460844E-4	0.27264606598026453	0.6585478005936717	0.011780197004421279
52	q52	0.0016584707401217761	0.4176210736603112	0.28024796778672495	0.29869720945600525	0.0017752783568368564
53	q53	0.8864673228647096	0.0012556576746374601	0.03836981009698245	0.06544190942551008	0.00846529993816032
54	q54	0.2547145349726905	3.698802809575622E-4	6.143127648005789E-4	0.7439453042617635	3.5596771978772855E-4
55	q55	0.42401930074245653	0.017655389458227675	0.02932281516504859	0.0018287283310850643	0.527173766303182
56	q56	0.16587181714500432	0.50150067037296	0.0015807211772300308	0.33013083164171547	9.159596630902008E-4
57	q57	0.41868999167395204	0.002252984549104029	0.04280414049178355	0.2606486204258461	0.2756042628593144
58	q58	0.6012186983115742	0.0027998217842636177	0.020831183094277447	0.25918793940666124	0.11596235740322351
59	q59	9.382681213899871E-4	0.0010436050399960915	0.001733263248908837	0.8444968128721838	0.15178805071752133
60	q60	0.19990135861040773	0.0037779165952138024	0.24644701781801182	0.26239767079295506	0.2874760361834115
61	q61	0.007478948949782139	0.008318591072137655	0.013815866765161807	8.61631696333959E-4	0.9695249615165845
62	q62	0.9198432472108562	0.0013029337946617444	0.06240474284307362	1.349566345995116E-4	0.01631411951680895
63	q63	0.006536240742267627	0.007270047469110448	0.054090474895336735	7.530245541482464E-4	0.931350212339137
64	q64	4.360007374442815E-4	0.014498386008427216	0.03163498494496662	0.9053182351872963	0.048112393121865514
65	q65	0.012587799743237862	0.012778048390740154	0.24278077275240992	0.5775346671531407	0.15431871196047134
66	q66	0.01919409139702201	0.18018496598043285	0.054418865788967166	0.7269785954399014	0.019223481393676415
67	q67	0.0021079182759628405	0.002344568771489084	0.9930482838694247	2.4284818790000216E-4	0.0022563808952233417
68	q68	0.034324060338741996	0.1301429315312591	0.020499478550709778	0.8123819253447405	0.0026516042345484715
69	q69	0.002052300684225154	0.094630486129606	0.9008839264616223	2.3644061910434288E-4	0.002196846105442212
70	q70	0.0015745403874497452	0.9632857296823498	0.03327289421188056	1.8139900594242895E-4	0.001685436712377455
71	q71	3.7145436945197055E-4	4.131565841908434E-4	0.010237276778696621	0.9288861903700119	0.060091921897648636
72	q72	0.0014040131868291105	0.3354954044806599	0.4448302439234221	0.21676743928461709	0.0015028991244718881
73	q73	0.0014986957782139245	0.2810492623136649	0.5808009109590712	0.13504688065136283	0.0016042502976872479
74	q74	0.0014843953026493343	0.03027688525699222	0.021826018149497674	0.5440619880343155	0.4023507132565453
75	q75	0.5947612704811331	0.007270047469110448	0.012074401342560626	7.530245541482464E-4	0.3851412561530475
76	q76	0.007478948949782139	0.3448503332364264	0.6388033879274123	8.61631696333959E-4	0.008005698190045285
77	q77	0.9559460392887145	7.754031114600007E-4	0.002173039968289297	0.0409954424058376	1.1007522569859784E-4
78	q78	0.9637733137791457	0.009720568092909063	0.016144329308737566	0.0010068471334377903	0.00935494168576992
79	q79	0.99617980762276	0.0010250576026906227	0.001702458883070272	1.0617448476396594E-4	9.865014067152213E-4
80	q80	0.03364127156543619	0.0018446629312238343	0.9625477187267657	1.9106841973737351E-4	0.0017752783568368564
81	q81	0.0036346666986287824	0.588149202998151	0.24035691461002895	4.18741196681025E-4	0.16744047449651023
82	q82	0.0012078007964942425	0.0013433974466332504	0.009995121238247771	0.729950459206276	0.2575032213123488
83	q83	0.7147488211246179	0.006456248796219506	0.27191279253830314	6.68732067005089E-4	0.006213405473854411
84	q84	0.20178034102010695	0.0015758606064069187	0.2849476996956037	0.5010720783231171	0.010624020354765404
85	q85	0.610068463298805	0.0016201261816461486	0.0026907738671449774	0.384061449390093	0.0015591872623108214
86	q86	0.05857448146673376	0.00470185316158231	0.17085067422635195	4.870134473969625E-4	0.7653859776979349
87	q87	0.002946288268705224	0.003277060380083104	0.9524049285778802	3.3943477564815774E-4	0.04103228799768336
88	q88	0.010423408681380695	0.0878771453255013	0.19964841804502514	0.7012457981959828	8.052297521101297E-4
89	q89	0.9774303173637533	0.01541799682161696	0.0013963808871607468	0.004946162502243509	8.091424252255878E-4
90	q90	0.0031877852519051177	0.16747870070631826	0.51817951976366	0.30774169038450966	0.0034123038936070375
91	q91	0.004470212290111358	0.9819719060969	0.008257825775634746	5.150023919622771E-4	0.00478505344539157
92	q92	0.2087828692600246	0.03205039584641181	0.7564463364498767	2.643390463389443E-4	0.002456059397348075
93	q93	0.001367000671986919	0.0015204702775685895	0.002525261140150995	0.14954182945343644	0.8450454384568571
94	q94	0.948117384993004	0.0015903445640462679	0.021023594074607483	1.647263668320395E-4	0.02910395000151022
95	q95	0.4826068746237108	0.43835771924794087	0.0018211344117607014	0.0761590029656739	0.001055268750913659
96	q96	0.0010669739442689657	0.4607190590574138	0.008829712616496498	0.5282421324831671	0.0011421218986537355
97	q97	0.0018344868198495103	0.9808092313093824	0.0033888485742671797	2.1134680836874378E-4	0.013756086488132186
98	q98	0.015657977525366996	0.002344568771489084	0.5323462693896835	0.3254442701735997	0.12420691413986072
99	q99	0.0015281395830105608	0.13922369674739532	0.8476131998952599	0.009999195917648944	0.00163576785668534
100	q100	0.0031877852519051177	0.12649544292991236	0.026380426446789274	0.3282333192727126	0.5157030260986806
101	q101	0.02323678640546648	0.023365393558932385	0.2303923422948167	0.5671405505256014	0.15586492721518314
102	q102	0.011272504541783345	0.012538039271499728	0.38313164133278066	0.0012986780997551763	0.591759136754181
103	q103	4.2411414410215253E-4	0.2512893287556658	7.834663062256444E-4	0.7334177145741637	0.01408537621984259
104	q104	0.0021666343228558186	0.15561233318409995	0.21291486548889063	0.6269869346369529	0.002319232367200754
105	q105	0.002838760314679317	0.0031574605426766466	0.6986694453700057	0.29229563696299327	0.0030386968096449713
106	q106	0.12587090356186342	0.21714064985650391	8.192001889485218E-4	0.6556945552581048	4.746911345792158E-4
107	q107	0.0012465122316622122	0.28984703344878815	0.21864811667516126	0.4889240324119428	0.001334305232445553
108	q108	9.382681213899871E-4	0.04326304090307744	0.001733263248908837	0.4162711062609301	0.5377943214656936
109	q109	0.9870197839420102	6.162033231232189E-4	0.0010234164582311447	6.382575005611428E-5	0.011276770526579329
110	q110	9.614638126897168E-4	0.0010694048511531947	0.8175960211099644	0.1793439296345444	0.0010291805916482855
111	q111	0.40155256481586177	0.5338951061519723	0.056462820932639754	7.860513452881312E-4	0.007303456754238064
112	q112	0.8266201671962186	6.296575238188367E-4	0.0010457617619767509	0.014621238081746746	0.15708317543623904
113	q113	0.0012078007964942425	0.8786697611332873	0.03328697160161027	0.08554259915324686	0.0012928673153613218
114	q114	0.7569691979873938	0.003950422566629454	0.0065610283488326164	4.091809860351989E-4	0.23211017011110896
115	q115	4.460007424514835E-4	0.35313326689043023	8.238974321455204E-4	0.6451194219507984	4.774129841742943E-4
116	q116	0.17460053495337208	0.1333182681274388	0.34820298976476954	7.530245541482464E-4	0.3431251826002714
117	q117	0.02978229060536574	0.004459492190714243	0.9610045530271529	4.6190993014947566E-4	0.0042917542466176075
118	q118	6.153678347636252E-4	0.2340701461185675	0.7606291925401295	7.089504620193765E-5	0.004614398460337526
119	q119	0.0011984957353843423	0.44046877673801565	0.0022139818723013256	0.22355800810928422	0.3325607375450145
120	q120	0.6258966067106777	0.30097352525242815	0.0676730077404919	5.302389619076511E-4	0.004926621334494506
121	q121	0.002079737706812314	0.015682134173682732	0.017210810411519353	0.026977421033310824	0.9380498966746748
122	q122	0.6469240196855578	0.0024789272139870222	0.3479546025724601	2.5676490669557315E-4	0.0023856856212995854
123	q123	0.02188553323945472	0.9502393089175578	0.0054426800404054594	0.019278679746397652	0.0031537980561843733
124	q124	0.0014430857594960043	0.112921922561384	0.011942215276904882	0.7422784232459686	0.13141435315624655
125	q125	0.01068166901909303	8.574320760640778E-4	0.5613832637352745	0.4262524542753634	8.251808942050815E-4
126	q126	0.46722726531989806	8.40766763221099E-4	0.0062554575732927	0.5248673679183626	8.091424252255878E-4
127	q127	0.7102197418664483	1.3712957052960177E-4	2.2775057213071835E-4	0.2892834063691262	1.3197162176507979E-4
128	q128	0.001287787329219623	0.009710481094726425	0.9874748813263243	1.483628767148096E-4	0.0013784873730147745
129	q129	0.003812834821259208	0.8865848516372197	0.007043451993293957	0.09847748527029633	0.004081376277930825
130	q130	0.2720987198447182	0.08189374888018255	0.2633994626818294	0.38093951995402564	0.0016685486392442595
131	q131	0.025369686862394568	0.001056347437969371	0.0017544263606835162	0.19546911549459642	0.776350423844356
132	q132	0.5790952554574325	0.11473945162249222	0.15403925266506652	0.14903086252802378	0.003095177726984997
133	q133	0.15446024803470115	0.003277060380083104	0.7630124788703853	0.07609641465864612	0.0031537980561843733
134	q134	0.9708996531670765	2.3262980967009818E-4	0.0044197014398770175	0.022879689157160717	0.001568326426215736
135	q135	0.02311210036509989	0.245678131912852	0.046092083561029076	0.5952039772331644	0.08991370692785468
136	q136	0.42739121023567544	0.004577466878421996	0.27214980797865235	4.741296353150019E-4	0.2954073852719351
137	q137	0.0011207837084078116	0.0012466111766721102	0.36950448350004106	0.6269284000810005	0.0011997215338786385
138	q138	0.0015587634953130405	0.3424137068462764	0.17321947723202769	0.48113950378713866	0.0016685486392442595
139	q139	0.08209444506433998	0.0027552389296644896	0.9122133267618721	2.853850095749593E-4	0.0026516042345484715
140	q140	0.0021666343228558186	0.15561233318409995	0.0736399050634015	2.496127222518371E-4	0.768331514707391
141	q141	9.614638126897168E-4	0.0010694048511531947	0.07594155888545216	0.797389314821638	0.124638257629067
142	q142	0.008035896431522565	0.18896350258514538	0.1828045886440969	0.6190380056199954	0.0011580067192398116
143	q143	7.82519714332989E-4	8.703711648695945E-4	0.38373851307020174	0.4980770394553819	0.11653155659521382
144	q144	0.002328806542369376	0.002590255588340922	0.9923198151511905	2.68296193089244E-4	0.002492826525009938
145	q145	0.00522023745662464	0.005806299921646247	0.009643347704002455	6.014109850487193E-4	0.978728703932678
146	q146	0.01024433501488954	0.0015339495743732219	0.09119980399694809	0.3459022929300773	0.5511196184837118
147	q147	0.0010525359071081866	0.8875010931412706	0.0019443501962370028	0.08807771121851138	0.021424309536872868
148	q148	0.02373959675157702	0.0019056096656098274	0.9282708177522592	1.97381224114897E-4	0.045886594606439096
149	q149	0.0028915249689786975	0.07756501739743069	0.4514347264655588	0.09326921119043147	0.3748395199776003
150	q150	0.0021972363230496374	0.0024439143231255395	0.00405895594349686	0.07087419297720528	0.9204257004331227
151	q151	0.0014430857594960043	0.21496234577291295	0.7818835904184415	1.6625443484891578E-4	0.0015447236143006193
152	q152	0.0012985367688267534	0.9196381320504056	0.06082930303711727	0.016844034238128917	0.0013899939055214995
153	q153	0.10293836066884794	0.0013539091295838696	0.033547432191839394	0.40702467338139964	0.4551356246283291
154	q154	0.0026456487320483278	0.0029426688255534384	0.055907356257668274	0.2894184030697077	0.6490859231150222
155	q155	0.025562934500845975	7.185625025864699E-4	0.08009693730033568	0.01668569504770243	0.8769358706485295
156	q156	0.0016584707401217761	0.1297758662324815	0.8665993162508225	1.9106841973737351E-4	0.0017752783568368564
157	q157	0.002400682826848225	0.0026702012361022424	0.683442776697113	2.7657688671846005E-4	0.3112097623532183
158	q158	0.35287017351524536	0.06248474158165769	0.002197055459130882	0.5811749306792223	0.0012730987647438582
159	q159	9.32643026754102E-4	0.0010373484306339744	0.0017228720083010138	0.7015445500171248	0.29476258651718623
160	q160	0.1556406609441426	0.088371805856254	0.0027685415868385125	0.6841776315549839	0.06904136005778105
161	q161	0.006272687061325431	0.0069769053027397806	0.37448468715754585	7.226611693049926E-4	0.611543059309084
162	q162	0.006272687061325431	0.32955214857722337	0.011587538473751846	7.226611693049926E-4	0.6518649647183944
163	q163	0.8977957343778709	0.024700278652701087	0.0022435950413493273	0.04708592321741027	0.028174468710668563
164	q164	0.03378606916462211	0.8491015284290452	0.004504293038390209	0.10999806605775336	0.0026100433101890696
165	q165	0.002517220045006322	0.035162063852726744	0.06937454619697213	0.03265224492741937	0.8602939249778754
166	q166	0.005804583340530751	0.08108195803664973	0.9062313210819601	6.68732067005089E-4	0.006213405473854411
167	q167	3.768534100877956E-4	4.191617610589903E-4	0.005541117890629297	0.6177753530342539	0.37588751390397
168	q168	0.0018787978734381657	0.002089725618034765	0.0034707044094541067	0.4470741138339319	0.5454866582651411
169	q169	0.004009370594981451	0.03023241220109853	0.8063670329648472	0.15509942999245518	0.0042917542466176075
170	q170	0.00522023745662464	0.9789471002814133	0.009643347704002455	6.014109850487193E-4	0.005587903572910987
171	q171	0.006454134406315799	2.1661249259473595E-4	0.006619144989412612	0.6171978792843855	0.3695122288272913
172	q172	0.007513407827337832	0.0011250304409301448	0.30745935030818244	0.5332750378794535	0.15062717354409613
173	q173	0.12411112294490696	0.0053611879457122836	0.1567061731526408	0.7084900733928368	0.005331442563903261
174	q174	0.004227268711720602	0.031875459539088886	0.007809035961312493	4.870134473969625E-4	0.955601222340481
175	q175	0.07913303085983066	0.09885606827915377	8.076881142893543E-4	0.8207351923622944	4.6802038443164194E-4
176	q176	0.08479490178503354	0.28244922445310067	0.021173798896984022	0.2798981258932257	0.3316839489716561
177	q177	0.06763267633337552	0.8333902083057407	0.002716206412559976	0.09468698462417977	0.0015739243241439963
178	q178	0.29560868019632736	0.4347661973595452	0.004434782788845384	0.26262057453309456	0.002569765122187589
179	q179	2.734970650642525E-4	0.1479834189362466	0.030392691885185275	0.8210576323990748	2.927597144290395E-4
180	q180	0.002261109086414236	0.10425852979736874	0.004176948136583525	0.4944435603594239	0.3948598526202097
181	q181	0.0752510267987728	0.014340149065076632	0.10131214781367706	0.18359225000641552	0.6255044263160581
182	q182	7.63321526901288E-4	8.490176469297206E-4	0.016130368339026376	0.23070572367080538	0.7515515688163372
183	q183	0.9733844820989002	0.0027998217842636177	0.020831183094277447	2.900028589562471E-4	0.0026945101636025814
184	q184	0.0028915249689786975	0.04039058317236916	0.02392873287735117	0.5579496390037006	0.3748395199776003
185	q185	9.270849771803606E-4	0.10830146109066378	0.0911045168678717	0.7986745566410902	9.923804231939822E-4
186	q186	0.0014298221542472218	0.0015903445640462679	0.0026413113010393913	0.79060288563026	0.20373563635040712
187	q187	0.0014168001438086605	0.8121374577877953	0.0026172557335469894	0.1185598639229113	0.06526862241193766
188	q188	0.009726946166272768	0.5317576541073854	0.1118462063663468	0.34526749920997557	0.0014016941500195048
189	q189	9.054998145242675E-4	0.0010071579206518445	0.18793537669490262	0.6578442904059928	0.1523076751639285
190	q190	0.0010781533834965005	0.09626142020086831	0.13182246782991272	0.7660175444737479	0.004820414111974435
191	q191	0.5412476117049129	0.017560222398411575	0.15400167378723412	0.2846976655844316	0.002492826525009938
192	q192	0.010154314824826769	0.07181898350028738	0.3628051414065848	0.5537582804840695	0.001463279784231601
193	q193	0.9695389802352514	0.025274910684541557	0.004536201136708012	6.315106023945834E-5	5.867568832594567E-4
194	q194	0.12596982005660137	3.0207755515134724E-4	5.017031392125352E-4	0.7262877455777025	0.1469386536713322
195	q195	8.463813530326628E-4	0.011822770614802173	0.11581788719731784	0.8053187586779715	0.06619420215687581
196	q196	0.0012985367688267534	0.018138753054656013	0.41975961134098055	0.5594131049300153	0.0013899939055214995
197	q197	0.0034724062966229436	0.003862244308909694	0.6760512276721624	0.26825470736309276	0.048359414359212156
198	q198	9.555580303801676E-4	0.0010628360420432412	0.16146995520503687	0.6082166443630841	0.2282950063594557
199	q199	0.697494630906081	0.004139436122494783	0.2939534374750777	4.287588291288259E-4	0.003983736667217698
200	q200	0.7256511308857415	0.004459492190714243	0.2651357127467771	4.6190993014947566E-4	0.0042917542466176075
201	q201	0.003254474740513756	0.08730112745891627	0.00601199308986223	0.5861439093976041	0.3172884953131036
202	q202	0.0031877852519051177	0.003545669600694689	0.6206376642046747	3.6725706146548766E-4	0.37226162388126
203	q203	0.8581710764397404	0.004347445817412588	0.1328472511181872	4.503042741124415E-4	0.004183922350547293
204	q204	0.3068712975780848	0.010299159033490608	0.6718509966717658	0.0010667770289325364	0.00991176968772626
205	q205	0.8776912998481399	0.005806299921646247	0.11031308567225422	6.014109850487193E-4	0.005587903572910987
206	q206	0.8625800890893794	0.12346091346840188	0.008502137145816475	5.302389619076511E-4	0.004926621334494506
207	q207	0.482999192983794	0.026781256316929427	0.4631777033548321	0.02324001473633517	0.003801832608109255
208	q208	0.8681122596656166	0.004042721263699786	0.006714321916248481	4.18741196681025E-4	0.12071195595775414
209	q209	0.03523020161429542	0.005275242628514718	0.9233839110200337	5.464045792327094E-4	0.03556424015792344
210	q210	0.8888802892019712	0.004139436122494783	0.054721364605214984	4.287588291288259E-4	0.05183015124119023
211	q211	0.06778418531914593	0.005441128595036959	0.9209746315107092	5.635868887720371E-4	0.005236467686335886
212	q212	0.005804583340530751	0.006456248796219506	0.9435441757021752	6.68732067005089E-4	0.04352626009406953
213	q213	0.004742782759032497	0.005275242628514718	0.9843587487305595	5.464045792327094E-4	0.005076821302660514
214	q214	0.956430272625895	0.011690898227552081	0.01941673666565023	0.0012109320417507696	0.011251160439151893
215	q215	0.007135884432639401	0.1914197546629616	0.7929837815208302	8.221080595445545E-4	0.007638471324024442
216	q216	0.9007519478268149	0.025064524351435517	0.07024244860105827	3.829516684077471E-4	0.0035581275522836085
217	q217	0.007856665721625133	0.008738713122327784	0.9740894557192398	9.051475359314931E-4	0.008410017900875949
218	q218	0.752938965192537	0.009203528020350958	0.22804686477246433	9.532926179041408E-4	0.008857349396743548
219	q219	0.5486564877888453	0.04546555298519904	0.39872907646182104	6.946514973369368E-4	0.006454231266797681
220	q220	0.3054130252497028	0.356102569301982	0.3087248128604719	4.503042741124415E-4	0.02930928831373082
221	q221	0.8016748881598161	0.0025149579152994087	0.19312929591756942	2.6049693223002655E-4	0.002420361075085116
222	q222	0.942887974272017	0.00600790465061824	0.04469990286289088	6.222930097938602E-4	0.005781925204680044
223	q223	0.7661696194954996	0.08379508732146053	0.025850703425691016	0.12084080545083314	0.00334378430651572
224	q224	0.46949436914945347	0.004240891857483042	0.007043451993293957	4.3926751699227177E-4	0.5187820194827771
225	q225	0.8808115535957004	0.08499962669265948	0.02082370422698188	0.0012986780997551763	0.012066437384902992
226	q226	0.011272504541783345	0.012538039271499728	0.9628243407020587	0.0012986780997551763	0.012066437384902992
227	q227	0.019943200218193093	0.022182171371787133	0.9342292022261734	0.002297608066281834	0.021347818117564504
228	q228	0.9856061588839424	0.003862244308909694	0.006414578180808281	4.000475665510596E-4	0.0037169710597885464
229	q229	0.006536240742267627	0.007270047469110448	0.9784440930564113	7.530245541482464E-4	0.006996594178062478
230	q230	0.6257250090451222	0.004139436122494783	0.07864457189220125	4.287588291288259E-4	0.2910622241110529
231	q231	0.9532731410168601	0.012538039271499728	0.02082370422698188	0.0012986780997551763	0.012066437384902992
232	q232	0.6020466090168652	0.031875459539088886	0.27954509973637826	4.870134473969625E-4	0.0860458182602705
233	q233	0.0988772559665984	0.5583852407987976	0.24253555231707608	8.221080595445545E-4	0.09937984285798343
234	q234	0.002946288268705224	0.003277060380083104	0.5736200291628902	3.3943477564815774E-4	0.4198171874126732
235	q235	0.6320427827710886	0.18022500755969728	0.18309798304455427	4.503042741124415E-4	0.004183922350547293
236	q236	0.24734895947486082	0.1293438352399386	0.37423930615564593	0.0010667770289325364	0.2480011221006222
237	q237	0.007478948949782139	0.008318591072137655	0.9753351300917011	8.61631696333959E-4	0.008005698190045285
238	q238	0.005595788497825901	0.11413607006751304	0.8736335590999236	6.446773160349273E-4	0.005989905018702663
239	q239	0.0530065701996189	0.1914197546629616	0.4718889811519736	8.221080595445545E-4	0.2828625859259014
240	q240	0.006272687061325431	0.08762071612136067	0.8986694574785817	7.226611693049926E-4	0.00671447816942731
241	q241	0.7036983521864365	0.13585177517532956	0.1569566398064014	3.3943477564815774E-4	0.0031537980561843733
242	q242	0.00522023745662464	0.005806299921646247	0.9827841480637695	6.014109850487193E-4	0.005587903572910987
243	q243	0.8816623079967192	0.005617786232323042	0.009330256221020204	5.818849176527912E-4	0.1028077646322848
244	q244	0.7869375424712908	0.007937011595043628	0.1966648665500966	8.221080595445545E-4	0.007638471324024442
245	q245	0.28077355660867304	0.011690898227552081	0.01941673666565023	0.0012109320417507696	0.6869078764563739
246	q246	0.9616170167135486	0.010299159033490608	0.017105277536302033	0.0010667770289325364	0.00991176968772626
247	q247	0.004227268711720602	0.00470185316158231	0.6599755890214704	0.29939668359996935	0.03169860550525735
248	q248	0.0530065701996189	0.14554906889598213	0.2884062380840556	0.505399651496319	0.007638471324024442
249	q249	0.9209222491099943	0.008318591072137655	0.061891829931488763	8.61631696333959E-4	0.008005698190045285
250	q250	0.9849335560125069	0.004042721263699786	0.006714321916248481	4.18741196681025E-4	0.0038906596108638954
251	q251	0.854515730937663	0.10755117223225139	0.03317943265331853	4.6190993014947566E-4	0.0042917542466176075
252	q252	0.01051087020178429	0.011690898227552081	0.9653361390897609	0.0012109320417507696	0.011251160439151893
253	q253	0.005595788497825901	0.006224013100255363	0.9815456160671813	6.446773160349273E-4	0.005989905018702663
254	q254	0.8625800890893794	0.005119172279051038	0.008502137145816475	5.302389619076511E-4	0.12326836252384535
255	q255	0.7693193508088497	0.010950987408588776	0.20805628860055833	0.0011342927877532327	0.01053908039424986
256	q256	0.001925302532266197	0.0021414512338047372	0.04068513452723584	2.218094678772896E-4	0.9550263022388159
257	q257	0.048114849596046554	0.003862244308909694	0.8992634441692805	4.000475665510596E-4	0.048359414359212156
258	q258	0.009845642737850782	0.327398365771505	0.6510826183086411	0.0011342927877532327	0.01053908039424986
259	q259	0.002838760314679317	0.09439764498766413	0.8993978511489783	3.270467390332854E-4	0.0030386968096449713
260	q260	0.0033965902527383213	0.0037779165952138024	0.11544383891289886	3.9131298272915234E-4	0.8769903412564198
261	q261	0.0027878868525516042	0.7378624321113999	0.2560442550231868	3.211857299843121E-4	0.0029842402828773925
262	q262	0.4159048998121174	0.07925656982927427	0.4923764378777056	0.0012109320417507696	0.011251160439151893
263	q263	0.1854492167765887	0.006224013100255363	0.7657215021326659	6.446773160349273E-4	0.04196059067445523
264	q264	0.0792847315810511	0.029472811780596114	0.8614828640505096	4.503042741124415E-4	0.02930928831373082
265	q265	0.6484867536285258	0.094630486129606	0.25444947351732167	2.3644061910434288E-4	0.002196846105442212
266	q266	0.979063592050483	0.005617786232323042	0.009330256221020204	5.818849176527912E-4	0.005406480578520939
267	q267	0.5453543328061646	0.14701653493342848	0.13632027961523166	2.1645177813472277E-4	0.17109240086704064
268	q268	0.09923031551713199	0.7287021231487164	0.16626750675904373	5.635868887720371E-4	0.005236467686335886
269	q269	0.752061675744833	0.23033337651751018	0.010722810196797342	6.68732067005089E-4	0.006213405473854411
270	q270	0.35154547635135514	0.16747870070631826	0.4567046330990511	3.6725706146548766E-4	0.02390393278180998
271	q271	0.5051276197322443	0.0034744720096896793	0.4876942414683735	3.5988248317686246E-4	0.00334378430651572
272	q272	0.7281529194768532	0.005441128595036959	0.22915976715501588	5.635868887720371E-4	0.036682597884321946
273	q273	0.004470212290111358	0.17738380692063152	0.8128459249519032	5.150023919622771E-4	0.00478505344539157
274	q274	0.6514231736102926	0.2892302431679129	0.011587538473751846	7.226611693049926E-4	0.04703638357873776
275	q275	0.8518087401813429	0.14556712844511796	0.0015983042420361637	9.967884163417189E-5	9.261482898688594E-4
276	q276	0.9182250686908051	0.0030462831674487718	0.005059395516074104	3.155310929844727E-4	0.0733537215326875
277	q277	0.12294420665593665	0.7447550547124938	0.1268438783351673	5.302389619076511E-4	0.004926621334494506
278	q278	0.09275729289547016	0.003862244308909694	0.8546210008698569	4.000475665510596E-4	0.048359414359212156
279	q279	0.6132935145853471	0.29867925406204926	0.08439647079345118	3.5279824024256427E-4	0.0032779623189098115
280	q280	0.8587290159142313	0.006706486969525788	0.1274156143521083	6.946514973369368E-4	0.006454231266797681
281	q281	0.9841950123543	0.004240891857483042	0.007043451993293957	4.3926751699227177E-4	0.004081376277930825
282	q282	0.38468090271725264	0.5954950772079761	0.012074401342560626	7.530245541482464E-4	0.006996594178062478
283	q283	0.9367267037759437	0.004139436122494783	0.030798157318228714	4.287588291288259E-4	0.027906943954203966
284	q284	0.03227798433007188	0.2841595568838156	0.06389243664008304	5.006170171673494E-4	0.6191694051288621
285	q285	0.005595788497825901	0.07816538441176049	0.8016921877884184	6.446773160349273E-4	0.11390196198596035
286	q286	0.9465964973658951	0.038084880916911	0.009330256221020204	5.818849176527912E-4	0.005406480578520939
287	q287	0.00522023745662464	0.005806299921646247	0.47943545822251066	6.014109850487193E-4	0.5089365934141697
288	q288	0.9856061588839424	0.003862244308909694	0.006414578180808281	4.000475665510596E-4	0.0037169710597885464
289	q289	0.013183031290439472	0.014663055882946717	0.9565236032550807	0.00151878528518849	0.014111524286344542
290	q290	0.5161614481185167	0.4539773171166715	0.018187861582808603	0.0011342927877532327	0.01053908039424986
291	q291	0.005595788497825901	0.006224013100255363	0.8736335590999236	6.446773160349273E-4	0.11390196198596035
292	q292	0.9616170167135486	0.010299159033490608	0.017105277536302033	0.0010667770289325364	0.00991176968772626
293	q293	0.8606108329712705	0.014663055882946717	0.1090958015742496	0.00151878528518849	0.014111524286344542
294	q294	0.003721619583479185	0.004139436122494783	0.9877264487976795	4.287588291288259E-4	0.003983736667217698
295	q295	0.8468577117977899	0.049286121021886564	0.012074401342560626	7.530245541482464E-4	0.09102874128361471
296	q296	0.20436340114402918	0.3610017907042986	0.4081965678756208	0.022721269216262864	0.0037169710597885464
297	q297	0.06491788109755528	0.009720568092909063	0.24085818747913518	0.0010068471334377903	0.6834965161969627
298	q298	0.6507878341382652	0.22707446080602775	0.07337824312994369	4.000475665510596E-4	0.048359414359212156
299	q299	0.42739121023567544	0.21621535327886166	0.0869666573782677	4.741296353150019E-4	0.2689526494718802
300	q300	0.008274564241130091	0.009203528020350958	0.3876178078334801	9.532926179041408E-4	0.5939508072871348
301	q301	0.3395369897519217	0.004833188318497524	0.650477810627251	5.006170171673494E-4	0.004651394285162351
302	q302	0.2641657737969317	0.0034744720096896793	0.6884957797478006	3.5988248317686246E-4	0.04350409196240115
303	q303	0.9739984168847761	0.0069769053027397806	0.011587538473751846	7.226611693049926E-4	0.00671447816942731
304	q304	0.9013130942256934	0.006456248796219506	0.08534851943722756	6.68732067005089E-4	0.006213405473854411
305	q305	0.006536240742267627	0.049286121021886564	0.9364280195036352	7.530245541482464E-4	0.006996594178062478
306	q306	0.8212989294224505	0.07925656982927427	0.08698240826737241	0.0012109320417507696	0.011251160439151893
307	q307	0.0028915249689786975	0.021803366059838392	0.9718768056164202	3.331256277776423E-4	0.003095177726984997
308	q308	0.007856665721625133	0.008738713122327784	0.4690495438556932	9.051475359314931E-4	0.5134499297644224
309	q309	0.006029563569419859	0.006706486969525788	0.011138416305088545	6.946514973369368E-4	0.9754308816586289
310	q310	0.051568034157451724	0.004139436122494783	0.48533909577096784	4.287588291288259E-4	0.4585246751199568
311	q311	0.007135884432639401	0.14554906889598213	0.6553717242198915	0.18430485112746253	0.007638471324024442
312	q312	0.5667257361160023	0.005119172279051038	0.4226982313085444	5.302389619076511E-4	0.004926621334494506
313	q313	0.9532731410168601	0.012538039271499728	0.02082370422698188	0.0012986780997551763	0.012066437384902992
314	q314	0.7669282541406056	0.005275242628514718	0.06973618307267172	5.464045792327094E-4	0.15751391557897515
315	q315	0.00873941655495588	0.009720568092909063	0.9711782265329275	0.0010068471334377903	0.00935494168576992
316	q316	0.7507804158485015	0.0024439143231255395	0.21592211996013416	2.531383049928424E-4	0.03060041156324606
317	q317	0.0555549121161091	0.15254648057111853	0.7830312774263932	8.61631696333959E-4	0.008005698190045285
318	q318	0.3395369897519217	0.03276582517502933	0.6225451737707192	5.006170171673494E-4	0.004651394285162351
319	q319	0.7193082746307566	0.001970721305196437	0.09438879916233778	2.041254253842688E-4	0.184128079476325
320	q320	0.23021722791769914	0.041155550321582086	0.1569566398064014	3.3943477564815774E-4	0.5713311471786692
321	q321	0.38468090271725264	0.007270047469110448	0.012074401342560626	7.530245541482464E-4	0.5952216239169281
322	q322	0.1805095514215535	0.6662257841877577	0.11791790929966682	2.900028589562471E-4	0.035056752232065704
323	q323	0.264787508989548	0.005617786232323042	0.2365999190131359	5.818849176527912E-4	0.4924129008473403
324	q324	0.05366569654105234	0.0029426688255534384	0.9232481690107365	3.0479881868494265E-4	0.019838666803972768
325	q325	0.2278064423257945	0.2562269200272838	0.3990840789184647	5.006170171673494E-4	0.11638194171128957
326	q326	0.004470212290111358	0.004972071382859699	0.9852576604896751	5.150023919622771E-4	0.00478505344539157
327	q327	0.0031877852519051177	0.003545669600694689	0.9894869841923276	3.6725706146548766E-4	0.0034123038936070375
328	q328	0.003254474740513756	0.0036198461445205972	0.9683467282054126	3.749401968342856E-4	0.024404010712718742
329	q329	0.006536240742267627	0.5954950772079761	0.09610654844811285	7.530245541482464E-4	0.30110910904749527
330	q330	0.24452534743187865	0.0032161489473076267	0.7488302002660511	3.331256277776423E-4	0.003095177726984997
331	q331	0.09582761053163252	0.5794198794357613	0.116864818440005	3.331256277776423E-4	0.2075545659648234
332	q332	0.006822912746049831	0.0075889033922230025	0.18803937162257708	7.860513452881312E-4	0.796762760893862
333	q333	0.01440363539864835	0.016020694035759175	0.11919687625549087	0.0016594081448135514	0.848719386165288
334	q334	9.92122654084543E-4	0.08401144935429028	0.1357609654619043	1.1430006156615308E-4	0.7791211624681547
335	q335	0.5590103972603174	0.013517541809012682	0.4130628296757625	0.0014001340344972392	0.013009097220410106
336	q336	0.6028102572639725	0.006456248796219506	0.30922564715851825	6.68732067005089E-4	0.08083911471428464
337	q337	0.006536240742267627	0.007270047469110448	0.9364280195036352	7.530245541482464E-4	0.049012667730838594
338	q338	0.09067608005899727	0.7520895920465376	0.15193427205711124	5.150023919622771E-4	0.00478505344539157
339	q339	0.08373409196294311	0.012538039271499728	0.7454395784385794	0.0012986780997551763	0.15698961222722252
340	q340	0.24652053618946684	0.013517541809012682	0.7255526907466131	0.0014001340344972392	0.013009097220410106
341	q341	0.22501483630907623	0.005441128595036959	0.763743980520779	5.635868887720371E-4	0.005236467686335886
342	q342	0.7881185768476918	0.004240891857483042	0.05606256086994599	4.3926751699227177E-4	0.15113870290788692
343	q343	0.9662943429974435	0.003545669600694689	0.005888797558586332	3.6725706146548766E-4	0.02390393278180998
344	q344	0.009845642737850782	0.07424046308117202	0.14476681292797508	0.0011342927877532327	0.7700127884652488
345	q345	0.8328082282382703	0.007937011595043628	0.013182123482178613	8.221080595445545E-4	0.14525052862496293
346	q346	0.4769837355004461	0.00228270713756305	0.2676420133733278	2.3644061910434288E-4	0.2528551033695588
347	q347	0.002400682826848225	0.0026702012361022424	0.09702678195815459	2.7657688671846005E-4	0.8976257570921765
348	q348	0.59678653083382	0.004459492190714243	0.39400031279869857	4.6190993014947566E-4	0.0042917542466176075
349	q349	0.06021062118660368	0.14449637260115655	0.5666799000576556	5.006170171673494E-4	0.2281124891374168
350	q350	0.01051087020178429	0.8224789574482184	0.1545480798690946	0.0012109320417507696	0.011251160439151893
351	q351	0.7952379201513474	0.17825596172070726	0.016144329308737566	0.0010068471334377903	0.00935494168576992
352	q352	0.43379707907050546	0.009203528020350958	0.5471887508944959	9.532926179041408E-4	0.008857349396743548
353	q353	0.2695789607985434	0.4133782473647536	0.026380426446789274	3.6725706146548766E-4	0.29029510832844824
354	q354	0.7324482044721555	0.010586875020514787	0.2553002684050041	1.6175297785366672E-4	0.0015028991244718881
355	q355	0.6640053261974287	0.010299159033490608	0.31471696805242194	0.0010667770289325364	0.00991176968772626
356	q356	0.4118313643743192	0.00470185316158231	0.5784547698889507	4.870134473969625E-4	0.004524999127750766
357	q357	0.7931874600540261	0.004139436122494783	0.1264909864661738	4.287588291288259E-4	0.07575335852817651
358	q358	0.016094130365404732	0.00240987671606188	0.9789271478290807	2.496127222518371E-4	0.002319232367200754
359	q359	0.8981897268825579	0.004833188318497524	0.09182507349661485	5.006170171673494E-4	0.004651394285162351
360	q360	0.00522023745662464	0.005806299921646247	0.9492275687410189	6.014109850487193E-4	0.039144482895661574
361	q361	0.9553034919244509	0.00470185316158231	0.007809035961312493	4.870134473969625E-4	0.03169860550525735
362	q362	0.0054014930878897	0.9087726643094075	0.07942162438822893	6.222930097938602E-4	0.005781925204680044
