0	q0	0.008382368869441036	0.4109688218625466	0.04087385718630067	0.03893166157501836	0.3431282146908772	0.053800045471002415	0.10052573545854589	0.0011623374512840338	2.0665884566451901E-4	0.0020202985893192633
1	q1	4.165499169647594E-4	0.5441704493070767	0.0015245937330181664	0.1068434457498394	0.01678338230301462	2.935940086939557E-4	8.739948981987614E-4	0.3278964903732983	1.111264651236459E-4	0.001086373244771703
2	q2	0.34216957627510647	0.18554118119127763	0.2272335451588545	0.0036179953288052306	0.003162864344019603	0.0022119540301697937	0.0374057516095154	0.06635100434000836	8.372331352476677E-4	0.13146889458699548
3	q3	3.850462538053812E-4	7.546016968352872E-5	0.02031678449724511	4.4389979426666696E-4	3.880587739916511E-4	0.0040528886512754955	0.3071093260299484	0.015703748775652605	0.6505205761994471	0.0010042108546840251
4	q4	0.0037420308155598314	0.9204421896862236	0.0012657012847635193	0.003794887976717506	3.4852083655050395E-4	0.06477183430058878	7.255811443859269E-4	5.188870387988746E-4	9.225599360151055E-5	0.0042981109228100965
5	q5	0.4611408714489085	0.28200528528544827	0.03517927720939803	0.0017404786367662072	0.0015215325951163027	0.1641590105568178	0.0031676595652409345	0.04674573189564472	4.027607151092051E-4	0.003937392091550075
6	q6	8.975570467627036E-4	0.09713885738509555	0.02972954692235945	0.8119976594217615	9.045793426426893E-4	6.326189507147694E-4	0.010698046619030536	0.0013467616487672486	2.3944871380684137E-4	0.04641492394905872
7	q7	0.002146124527888516	4.205908236632403E-4	0.050008655056538336	0.0024741553176670485	0.0021629153508055487	0.0015126381680506224	0.004502946254176003	0.9095254199102073	5.725393831241139E-4	0.026674015207879306
8	q8	0.0027192591121913464	5.329119605541086E-4	0.009952625680754144	0.029840452867771615	0.0027405340184817354	0.0019165966692375226	0.005705483290581942	0.8853636761828974	7.25439234497922E-4	0.06050302098303243
9	q9	0.03391995887192468	0.4813797328192657	0.015010925913655916	0.0012836869988672986	0.001122203725713401	7.84814896806061E-4	0.0023363018165465923	0.03447723345715277	2.9705546665071303E-4	0.42938808603341694
10	q10	0.0027938710033128204	5.475341673897611E-4	0.010225708970366362	0.05809754076254693	0.002815729657207342	0.5781738232893893	0.33512182553606	0.0041921327813488375	7.453440655369861E-4	0.007286489766841804
11	q11	0.0016845571349160388	3.301342786381544E-4	0.03925328450811257	0.0019420382830101046	0.018241596912245205	0.01773117496158577	0.5991134625345567	0.05215921585647305	0.1162564243520283	0.15328811117843422
12	q12	7.408302924126376E-4	0.0874525912704853	0.01726271055908762	8.540647029764417E-4	7.466263914226575E-4	0.4588860339704503	0.3144059289996788	0.08114338562939459	0.03657572310900745	0.0019321050750841348
13	q13	0.005133343251372654	0.17589636541880876	0.03998745741013259	2.866981930379376E-4	0.6670062240917263	0.09054142271677823	0.012733429678400451	3.7314840888813685E-4	6.634426117577648E-5	0.007975566569679201
14	q14	0.004980278137367748	0.0498868122960867	0.8497115478640997	0.005741503569297747	0.005019242776742326	0.0035102151343949645	0.059360291227689196	0.007472781390099358	0.0013286299725395816	0.012988697631682648
15	q15	1.9087934347506518E-4	0.7536290804076387	0.03444153874450491	2.2005486473623684E-4	1.9237274295545907E-4	0.011382173075329044	0.03414340910049762	0.1333834463067845	5.092246053022451E-5	0.03236612295354829
16	q16	0.05476864435573811	0.13564966706502005	0.029128838851679117	6.364336627796864E-4	0.005978031658478088	0.7594213731669998	0.006579964135479571	8.28342188392041E-4	1.4727585373697937E-4	0.006861429061696526
17	q17	0.001415415552405762	0.9519228569981238	0.0017633605753718988	1.5079702997273432E-4	1.3182729825201848E-4	9.219362322835695E-5	0.014405177592149165	1.962679680786707E-4	3.4895642121185695E-5	0.029887207720296276
18	q18	0.14625317304112326	0.4221309795925197	0.0027114762842165613	8.540647029764417E-4	0.29904692902627944	5.221543120118847E-4	0.06703494632687071	0.0011115971176037624	1.9763742182980253E-4	0.060137042174568375
19	q19	0.0011778963639789313	0.28943077801839634	0.004311160179199104	0.0013579354388472571	0.0011871119751912247	0.6833420611869105	0.0024714334844329164	0.013335401206056998	3.1423715113127235E-4	0.00307198499585547
20	q20	0.001579999942510768	3.096434846035162E-4	0.005782879583972579	0.0018214997353963962	0.017109376390542285	0.37352197720596886	0.049866162018143444	0.0023707499543374764	4.2150964711784984E-4	0.5472162020374068
21	q21	0.0011134920005743333	0.27360544263404685	0.2665271719273419	0.43870324528353855	0.001122203725713401	7.84814896806061E-4	0.0023363018165465923	0.0016707665858024267	2.9705546665071303E-4	0.01383950566297922
22	q22	0.009462150028900518	0.558372965864597	0.08048992140382265	0.0010080884861618197	8.812745287736009E-4	0.0693180557297132	0.0018347143529051455	0.0013120648255357406	2.3327976052281167E-4	0.27708748501906755
23	q23	0.0016845571349160388	3.301342786381544E-4	0.1550603056263914	0.0019420382830101046	0.21676791882929464	0.0011873148018316524	0.6156573226943107	0.0025276353772106875	4.494032337494699E-4	0.0043933697406471585
24	q24	0.38152970262086927	0.3376504380174239	0.07108552050614837	0.0024741553176670485	0.02323978080041559	0.0015126381680506224	0.004502946254176003	0.0032202055769755588	5.725393831241139E-4	0.17421207335514957
25	q25	1.476892979378019E-4	0.38149498240317076	0.055657316338954724	0.09880026571304094	1.4884478766646845E-4	1.0409483055166132E-4	3.0987809061816713E-4	0.18442763795960262	0.2524161711545458	0.026493119423911013
26	q26	0.0015324420891601198	0.24109958947737697	0.09590854027637782	0.6188147924831573	0.031644339870052086	0.0010801006019307963	0.0032153326964276083	0.002299390598159102	4.088222454008226E-4	0.003996649661957443
27	q27	0.42164129871115674	0.2057419291827215	0.0012363098612140845	3.8941465966379845E-4	3.404276761451457E-4	2.3807861745774741E-4	0.15994155620613562	5.068377275472872E-4	0.03326361869836914	0.176700528659589
28	q28	0.5502500182293478	7.270837518154987E-4	0.01357896417422079	0.04071311967630348	0.0037390749385017587	0.002614927793208755	0.26283631903132776	0.0055668336558842	0.11029775424374604	0.009675904505643913
29	q29	7.805849532544966E-4	1.5297661629702744E-4	0.01818906739211175	8.998957832542983E-4	7.866920842953462E-4	5.50174315774885E-4	0.18562284884973904	0.001171247980771371	0.7591465516552853	0.032699960369216394
30	q30	0.5835202698827996	4.296464235227351E-4	0.26639201827875003	0.0025274255253998103	0.002209484355274692	0.0015452062727533379	0.1337838838715226	0.0032895387424412732	5.848665364181793E-4	0.005717660111117902
31	q31	0.02942481961695452	0.26758851700818587	0.0633637466902805	0.0031348923630084373	0.21638501805658714	0.0019165966692375226	0.005705483290581942	0.004080179525712525	7.25439234497922E-4	0.4076753075449537
32	q32	2.607885987814613E-4	0.7888938293848834	0.01888274309765085	3.0064960820186317E-4	0.10783229088681631	0.08214149511428587	5.471802911502774E-4	3.9130669692962367E-4	6.957273053443997E-5	6.801435907659792E-4
33	q33	0.002101824652489325	4.119090715839907E-4	0.21411079425166712	0.0024230842959874575	0.29110348270838854	0.0014814145920195377	0.004409997333739634	0.0031537347343166063	5.607211391201269E-4	0.48024303722068773
34	q34	0.20940185139640222	2.308404733639807E-4	0.004311160179199104	0.0013579354388472571	0.0011871119751912247	8.302085806342059E-4	0.557735313570895	0.0017674037042557044	0.22010618968535584	0.00307198499585547
35	q35	0.1304394060070023	3.6651579499009815E-4	0.1537812593676533	0.0021560551304604537	0.0018848310393274723	0.5339620170820558	0.003924006025077831	0.002806186299541702	4.98928448655109E-4	0.17018079480523604
36	q36	0.07658204429732413	7.270837518154987E-4	0.5601189340957866	0.0042771216815324226	0.0037390749385017587	0.002614927793208755	0.007784333067930376	0.33349081560882365	9.897602594328672E-4	0.009675904505643913
37	q37	0.0016571416157599964	0.1467962982856184	0.022339837205636728	0.05073427796235713	0.47363394758952715	0.0011679917103085556	0.019751589410030013	0.002486499084076371	4.4208936904979615E-4	0.28099032776763594
38	q38	5.291044251438222E-4	0.0832441634141974	0.1890026090525456	6.099769654833177E-4	0.7228160873259919	3.7292502739552316E-4	0.001110154028020636	7.939078084750783E-4	1.4115356180106024E-4	0.0013799183909456642
39	q39	0.00345805307776733	6.776985088000993E-4	0.012656648905908391	0.003986609490713292	0.0034851081512786595	0.07035967390790827	0.8902462591085171	0.005188721186398142	9.225334085824297E-4	0.009018694254126313
40	q40	0.0018701989991978909	0.16566978194788148	0.006845022787305402	0.0021560551304604537	0.0018848310393274723	0.0013181594782946159	0.26106242004068664	0.002806186299541702	4.98928448655109E-4	0.5558884158286493
41	q41	0.39074104757829936	0.0781402467539722	0.007244185283286738	0.0022817839080101843	0.2546899066226949	0.020833116448533473	0.02359092103023914	0.2167888111115682	5.280230961193386E-4	0.00516195816727646
42	q42	0.4824837876610651	5.629814298288115E-4	0.038726618280803024	0.0033117781463392693	0.002895168197416902	0.0020247403194526767	0.006027414242037975	0.032522820322280085	7.663720233768166E-4	0.4306783193773994
43	q43	8.524768580306613E-5	1.670657686512365E-5	3.120108352840022E-4	0.012656407266031353	0.004271957860280156	6.008453918122475E-5	0.034504418979990764	1.2791199656870698E-4	0.9016964506703067	0.046268803589689
44	q44	0.0011383896964839242	0.29090327059758164	0.0488865903222463	0.01249239689251614	0.0011472962159127117	8.023633683136388E-4	0.002388541556168789	0.24766827092584723	3.036976308271384E-4	0.3942691827941025
45	q45	0.0010781226069850253	0.4660889994981295	0.3004136183380977	0.0012429114650646341	0.15990850501039444	7.59885730754066E-4	0.002262090615702554	0.0016176957052405276	2.876196811108031E-4	0.06634055134852077
46	q46	0.01086125014723536	1.9670775166610407E-4	0.05296130417276527	0.0011571472852691177	0.001011582259440169	7.074516046974283E-4	0.6822749392218264	0.0015060704212051367	0.15798810680707379	0.09133544032882122
47	q47	0.0055244382005551085	0.5967546201990959	0.006882485152420244	0.025658088037642853	5.14528585687496E-4	0.010387644208971591	0.001071190588538331	0.21135000868732964	1.361994490165907E-4	0.14172079689074216
48	q48	0.22643346399920664	3.7337355817469866E-4	0.006973097882322255	0.002196396408243694	0.0019200975273953094	0.0013428231508163559	0.003997426882849203	0.002858691979671114	5.082637438694102E-4	0.7533963648674514
49	q49	8.248482091394049E-4	0.24318410158270248	0.035421979488028554	0.009051672934564475	0.616488175970128	5.813720815259606E-4	0.0017306764380827253	0.001237663876775278	2.2005157608274498E-4	0.09125945784297046
50	q50	0.48426003725289934	5.058917168478321E-4	0.23761156990990143	0.0029759438651114144	0.0026015806780693286	0.0018194194374944236	0.005416198079543861	0.0038733021176027877	6.886572773246444E-4	0.260247399665205
51	q51	3.7790109053743355E-4	0.19677440404070728	0.005094464324684211	4.3566250725686565E-4	3.808577084824372E-4	0.003977680670847221	7.92902871185562E-4	5.670310289454947E-4	0.6384491024994231	0.15314999325793038
52	q52	0.3504864068889666	0.06374006608251434	0.003945983189749708	0.0012429114650646341	0.1810847646638479	7.59885730754066E-4	0.002262090615702554	0.0016176957052405276	2.876196811108031E-4	0.3945725759770489
53	q53	7.354792271434051E-4	1.4413693609652324E-4	0.024361085763456015	8.478957382127425E-4	7.412334605542087E-4	5.183827575373945E-4	0.43492705758240185	0.015549697745078786	0.4046878433101206	0.11748718747939842
54	q54	0.07706730570038932	0.1836285676236993	7.955674537806768E-4	0.0023853095523910526	2.1906577631056185E-4	0.002287924557301812	0.09438377539137476	3.2615092141124297E-4	0.6383394389206826	5.668941026587424E-4
55	q55	0.009748200089011408	0.0019104219962041093	0.8973034240151573	0.011238192739747136	0.009824467938023614	0.006870756721158498	0.020453436184786164	0.014626927694169126	0.0026006079297850276	0.0254235646919576
56	q56	0.02248247441544969	0.07684466821952333	0.018485969917498887	6.434103661048248E-4	0.10470322574260292	0.7184164595837261	0.017614279561426315	8.37422628409727E-4	1.4889031883926775E-4	0.03982319924641888
57	q57	0.0013147807922616202	0.27141649615657326	0.01772448931393961	0.0015157423749035887	0.0013250673581950989	9.266878893329875E-4	0.41595304791433085	0.10527139704044058	3.5075494173933847E-4	0.1842015362182831
58	q58	0.0016306041605015373	0.22451547139042682	0.005968093577472281	0.0018798387056710737	0.0016433616614531226	0.0011492874985141103	0.30768717270245743	0.16258661648093553	0.2726729012541629	0.020266652568405243
59	q59	6.117544489787608E-4	0.8111967474130546	0.002239052178560165	0.06078502711333839	6.16540685978538E-4	0.024463085568457745	0.0012835682965772026	0.07301364276117575	1.6320279195836414E-4	0.025627378741920493
60	q60	0.002192332014785012	0.280328283174789	0.008024045892965794	0.0025274255253998103	0.002209484355274692	0.0015452062727533379	0.24143720569893268	0.17553485366629742	5.848665364181793E-4	0.28561629686238416
61	q61	0.004748047375754408	9.30507587332495E-4	0.017378093184834163	0.005473776805866729	0.004785195090927493	0.0033465335263396226	0.19648255234693773	0.7532055845910887	0.0012666758523248705	0.012383033638593837
62	q62	7.630365392999175E-4	1.4953753259837481E-4	0.0027927522693011178	8.796651297492748E-4	7.690063752736089E-4	5.378057880443136E-4	0.5786160675816574	0.03861342890508948	0.29995165657105316	0.07692704330793321
63	q63	0.004165354895659267	8.163133236908084E-4	0.09706044241991359	0.00480202095970882	0.00419794374851042	0.002935838399298153	0.008739646269816503	0.5380477250847445	0.0011112261620718257	0.33812348873658604
64	q64	0.036654057507803525	0.8980951171514028	0.03181655260725131	3.2840612005386594E-4	0.0030847239819864355	2.0077948553500732E-4	5.976969584671946E-4	0.028403734708786613	7.59958099829879E-5	7.429356687303191E-4
65	q65	0.04437023758589625	0.5302585411833225	0.025665747373790463	0.012086998715011388	0.0011100646262513436	7.763253989784035E-4	0.00231102957811554	0.13145906491847492	2.938421589662028E-4	0.251668148461193
66	q66	0.008305963409537745	0.6641398312175402	0.003675717940958501	0.019058709878905043	0.1984296052095979	1.921772323116442E-4	0.005927624512974416	4.091197804794343E-4	0.05362809434909284	0.04623315646860244
67	q67	0.0013677638262851858	2.6805010930099895E-4	0.018438750752726985	0.0015768237584263389	0.0013784649202343209	9.640315562459326E-4	0.002869808773038846	0.002052295029553748	3.648896637564907E-4	0.9707191216104312
68	q68	0.0016049032500973998	0.7411091436786763	0.13196672817655752	0.04913497242406133	0.0016174596725794955	0.0011311729028670458	0.0033673689408186976	0.04969287969847203	4.2815330836775333E-4	0.019947217947502423
69	q69	0.0013319797479458008	2.610372566975205E-4	0.5281244878071871	0.001535570156148977	0.001342400874859082	9.388101107979733E-4	0.0027947274907443804	0.015079836291537817	3.5534324933744787E-4	0.4482358070147439
70	q70	0.7049278713748783	2.006638477941773E-4	0.013803354470582159	0.10173812723487718	0.09153386387859185	0.07111207510076678	0.0021483552919756843	0.0015363598191138106	2.731584931662183E-4	0.012726170488253747
71	q71	2.4275795729255297E-4	0.9417673171161585	0.02234541190132912	0.002663963632736446	2.4465724403925925E-4	1.711014188724624E-4	5.093488379900311E-4	0.01228475524076617	6.476254723834378E-5	0.019705924103577185
72	q72	0.02783267965224319	0.19758516743187068	0.021290068656897487	0.001053316401359059	0.37778702346069026	6.439719367463949E-4	0.02883604389605258	0.0013709306468175097	2.437458628253276E-4	0.3433570520544975
73	q73	0.575437809833359	1.9105768628613722E-4	0.003568179691556779	0.0011239103753830275	0.17332139967543922	6.87131369293143E-4	0.011619891269129368	0.0014628113413032563	2.600818745750159E-4	0.23232772688367506
74	q74	9.65653496509588E-4	0.531269860592111	0.013017922972856196	0.0011132516787194958	0.010456790972011794	6.806149023277083E-4	0.011509693072712985	0.42821014698460114	2.576153666847999E-4	0.0025184499614652744
75	q75	0.004165354895659267	8.163133236908084E-4	0.015245409280098151	0.00480202095970882	0.00419794374851042	0.002935838399298153	0.7041674279582477	0.2516951090953905	0.0011112261620718257	0.010863356177324332
76	q76	0.004748047375754408	9.30507587332495E-4	0.11063825063302135	0.005473776805866729	0.42445590360776986	0.0033465335263396226	0.009962237450563327	0.007124325005591083	0.0012666758523248705	0.4320537421554362
77	q77	6.727940492741357E-5	1.3185208950495476E-5	0.0015677340758667143	7.756292577971129E-5	0.0013892938407511191	4.742007954080168E-5	0.04837547805534135	0.002083183129599773	0.8920223865071503	0.05435647677209243
78	q78	0.005520280754196212	0.0010818474879200147	0.07441860864835927	0.060578146791502745	0.005563470259460945	0.003890821459166619	0.8247940532088455	0.008283041659573687	0.0014726909350358066	0.014397038795939272
79	q79	6.009234467369255E-4	1.177671118974164E-4	0.002199410163359368	6.927733791467149E-4	6.056249442734081E-4	4.235447336810025E-4	0.3907668771422011	9.016704340178644E-4	0.5962225777596478	0.007468830885038306
80	q80	0.0010781226069850253	2.112871221540537E-4	0.7557032008873463	0.0012429114650646341	0.02226281726294716	7.59885730754066E-4	0.002262090615702554	0.0016176957052405276	2.876196811108031E-4	0.21457436892269477
81	q81	0.3245873788664698	4.5931445994884903E-4	0.05461293280248459	0.0027019498515586287	0.34762312000503526	0.001651906185695776	0.004917530793709303	0.07256890184593676	6.252528651686883E-4	0.1902517123239924
82	q82	7.86615179454273E-4	0.7495049355839205	0.010604317027203458	9.068477173219783E-4	7.927694897053475E-4	0.016004956046871088	0.0016504568256747506	0.21748773701889243	2.0985183466679466E-4	0.002051513276289311
83	q83	0.040146046302553064	7.270837518154987E-4	0.3050669481323892	0.04071311967630348	0.0037390749385017587	0.002614927793208755	0.5178883049947252	0.0055668336558842	9.897602594328672E-4	0.08254790049518602
84	q84	0.03713893249223134	0.13599441087431188	0.0033743365707131806	0.001062853390156565	9.291502020144053E-4	0.42619949775744487	0.11058537210745352	0.0013833433940262179	0.03646294812945903	0.246869155082189
85	q85	9.47678718072339E-4	0.3259326124566687	0.031389713910520624	0.001092529491783698	9.550931552732635E-4	0.22403724139881454	0.4114987715714905	0.001421967948952178	2.528200864368358E-4	0.0024715712619873946
86	q86	0.0561303801217177	5.329119605541086E-4	0.1701859887093332	0.0031348923630084373	0.0027405340184817354	0.26897220171686925	0.005705483290581942	0.4847802686114497	7.25439234497922E-4	0.007091899973506072
87	q87	0.0019051917117082	3.7337355817469866E-4	0.006973097882322255	0.002196396408243694	0.0019200975273953094	0.0013428231508163559	0.022708116240140738	0.13383351748071184	5.082637438694102E-4	0.8282391222966176
88	q88	0.005311391737446315	0.6412287984491941	0.0017965205732712265	5.658706361303402E-4	0.1547521547490508	3.459594942474933E-4	0.0010298808013855694	7.365017730705169E-4	1.3094700345797527E-4	0.1941019747827457
89	q89	4.932234489478733E-4	9.666040061855454E-5	0.001805222732302574	5.686116547081624E-4	4.970823245546677E-4	0.18441568778219516	0.32557590936432956	0.005583965429468554	0.4506139203007441	0.030349716562130657
90	q90	0.00205931664806951	0.2633199244336161	0.7153889035645228	0.0023740790291392317	0.002075428304554724	0.0014514539680680755	0.004320808073383421	0.003089952548744427	5.493809273513799E-4	0.005370752502550443
91	q91	0.0028726928580561878	5.629814298288115E-4	0.01051420093944956	0.0033117781463392693	0.9056925231207278	0.0020247403194526767	0.006027414242037975	0.00431040298092662	7.663720233768166E-4	0.06391689393980438
92	q92	0.05992841874008349	2.915476855244258E-4	0.12232643410874558	0.03093542750899072	0.0014993027166410888	0.001048539654503191	0.19305383382002822	0.0022322015366454786	0.3072108410389193	0.28147345318991857
93	q93	8.897143797541696E-4	0.2623081310093044	0.003256399562946281	0.001025705421688358	0.00963446756782918	0.009364883509306579	0.0018667770586184174	0.7090961663014297	2.373564606906945E-4	0.0023203987284322342
94	q94	0.037478270075313666	1.8232923757437067E-4	0.01254214510613533	0.0010725646574543536	9.376398263173651E-4	6.557398506805976E-4	0.34002022061140397	0.07449180136143074	0.5210559060939514	0.011563383179738328
95	q95	0.08900116394921681	0.08848446470193065	0.014974749181794504	0.14590129730415044	0.025892962088286203	0.019386918064728705	0.04552763723970812	9.642685006126782E-4	0.5492565418893306	0.020609997080241242
96	q96	6.953015608466063E-4	0.3074180523552046	0.009373323034322938	8.015769969524308E-4	0.6562352253213986	4.900646097533365E-4	0.021944317434308133	0.0010432824073451725	1.8549134570677105E-4	0.0018133649341614477
97	q97	0.04800521052662961	2.33542087650487E-4	0.10969205511494791	0.0013738278762880623	0.7502174658613661	0.08276360021375608	0.0025003576150777456	0.0017880883053044666	3.179147886117184E-4	0.0031079376103679605
98	q98	0.0013677638262851858	0.1614600429811379	0.005006084680073913	0.0015768237584263389	0.0013784649202343209	9.640315562459326E-4	0.07003313913630423	0.14981162182873756	3.648896637564907E-4	0.6080371376487982
99	q99	0.4597749680415188	1.94787628555746E-4	0.05244433306595579	0.001145852025038068	0.118137291676984	7.005459583050828E-4	0.0020854430791557555	0.0014913692180390746	2.651593482762497E-4	0.36376024995817147
100	q100	0.00205931664806951	0.3442172616486311	0.007537202933141786	0.2855147592816916	0.002075428304554724	0.0014514539680680755	0.04476947668089091	0.20533329558628183	5.493809273513799E-4	0.10649242402131914
101	q101	7.462597929512125E-4	0.5424877872331311	0.15663908216092493	0.059491841665217746	7.52098371221353E-4	5.259811494769876E-4	0.016223663529227234	0.13304065848630195	1.9908589457620282E-4	0.08989354171697127
102	q102	0.007048874330331664	0.0013814165124004733	0.025799236036735212	0.008126280502984305	0.007104023227381671	0.004968209540171577	0.014789776571424178	0.7028392635864767	0.0018804864807999326	0.22606243321129427
103	q103	2.771124880276398E-4	0.58789676995911	0.0064572314632961635	0.01936991873845339	0.0057222663194981755	0.37303983999443846	5.814306782920629E-4	4.158002798999433E-4	7.392758942437987E-5	0.006165702489559895
104	q104	0.1532440427327745	0.33155949172407084	0.005144287677172148	0.29149389149755045	0.0014165202060606784	9.906455787575329E-4	0.058163042519519606	0.0021089527455414752	3.749631739673827E-4	0.15550416214458543
105	q105	0.0018364685274452582	0.30696792948947377	0.25922229327644325	0.0021171690243796002	0.0018508366675211631	0.0012943854622315387	0.13010359642976255	0.0027555745797461554	4.899298918431528E-4	0.2933618166511537
106	q106	2.8972838795177216E-4	0.6203523058682108	0.0095965974925146	3.3401278556526324E-4	0.06004523388504391	0.15385539255339042	0.060361139776142346	4.3473011867040204E-4	0.09112984748292875	0.003601011649581865
107	q107	0.10444245266050542	0.31902293600376835	0.0029708538241677287	9.357638138654607E-4	0.5508582100768616	0.008543699705369267	0.0017030839294325869	0.009189528113795399	2.165432513127688E-4	0.0021169286209213748
108	q108	6.117544489787608E-4	0.3726144465962265	0.056310842690223885	0.36118386328924795	6.16540685978538E-4	4.31178674384975E-4	0.0012835682965772026	0.1811572237845032	1.6320279195836414E-4	0.025627378741920493
109	q109	3.617885041353626E-4	7.090218809245548E-5	0.001324164196459209	4.1708714463926623E-4	3.6461906062330873E-4	0.03223278183865062	0.2494752009183893	0.011202116146999914	0.7036077859760668	9.435540259437527E-4
110	q110	0.48078819604655776	0.16017663451688738	0.0022941858390417157	7.226259578958682E-4	6.317221744580346E-4	4.4179587163837414E-4	0.0013151744464231063	9.405246805110759E-4	1.672214420852494E-4	0.3525219190245013
111	q111	0.3455615523850349	8.511309782882986E-4	0.3571141967606974	0.005006838279594166	0.004376995775732619	0.0030610587091647714	0.2650263140215614	0.006516587069467704	0.00115862253251912	0.011326703487939654
112	q112	3.696693078862058E-4	7.244664355047896E-5	0.0013530083361897615	4.261725132906476E-4	3.7256152211045967E-4	2.605514719202628E-4	0.3238886865204743	0.12399112756817056	0.5119968310623904	0.03726894505401693
113	q113	0.047138209644357984	0.05423101861036488	0.14965910042191458	9.068477173219783E-4	0.7424182809281646	5.544245585698523E-4	0.0016504568256747506	0.0011802961826751295	2.0985183466679466E-4	0.002051513276289311
114	q114	0.002290984867272288	4.489801033466055E-4	0.008385120315312133	0.0026411572666909643	0.0023089090467465416	0.0016147390832310872	0.7247916488255913	0.25093232614823824	6.111849734764753E-4	0.005974949370094403
115	q115	0.023184806691154556	0.10307749542419321	0.02968326480114123	0.7157553021086566	0.1262074768196378	2.05376014641766E-4	6.113802860207786E-4	4.372182334779588E-4	7.773561398561147E-5	7.599440070905284E-4
116	q116	0.004165354895659267	8.163133236908084E-4	0.056152925850005864	0.25024712037915514	0.00419794374851042	0.33019597095855985	0.008739646269816503	0.006250009675944208	0.0011112261620718257	0.33812348873658604
117	q117	0.23074495684279167	5.058917168478321E-4	0.03479950558181529	0.0029759438651114144	0.0026015806780693286	0.0018194194374944236	0.005416198079543861	0.0038733021176027877	6.886572773246444E-4	0.7165745444033988
118	q118	0.884221362053218	7.873528106846848E-5	0.02119857064338492	4.6316586901937873E-4	0.0516980032672044	2.8316830661935386E-4	8.429588070200728E-4	6.028276817670858E-4	1.0718029666081985E-4	0.04050402779403754
119	q119	7.805849532544966E-4	0.1918040646349627	0.17917598132779092	0.31520768013386596	0.0774471272917616	5.50174315774885E-4	0.0016378043518200146	0.2234865100824235	2.0824310136933048E-4	0.009701829806976514
120	q120	0.002956091340657992	5.793256055902561E-4	0.097913839054407	0.003407923918186734	0.002979219172050142	0.350461103324599	0.5287687716492436	0.004435540294859588	7.886209260671476E-4	0.0077095647143385375
121	q121	0.0013496346349142951	0.18582919362196973	0.12423132147678945	0.0015559235568525637	0.0013601938899170027	9.512536831695349E-4	0.055850255235006856	0.6249922877449864	3.600531894936291E-4	0.0035198829669005993
122	q122	0.0014454276120654563	2.832704169791684E-4	0.005290338058266479	0.0016663582966516028	0.0014567363309949488	0.0010187707874135317	0.3011360355296003	0.0021688275759408483	3.8560867396484396E-4	0.6851486267181229
123	q123	0.0019051917117082	0.019084062915466236	0.02568378723961379	0.002196396408243694	0.8439011186055144	0.0013428231508163559	0.07884018431201535	0.002858691979671114	5.082637438694102E-4	0.023679479933081508
124	q124	9.38939953242912E-4	0.6733339086864687	0.0218790306109237	0.20394954761722528	9.462860202021019E-4	6.617865796353612E-4	0.001970060958909553	0.0936211704682382	2.5048877389663134E-4	0.00244878033125761
125	q125	5.029687626969254E-4	0.4347837072602553	0.016659702561538245	5.7984651993673E-4	5.069038835706205E-4	3.5450400846082075E-4	0.05539095894255032	7.546919079642855E-4	1.3418113505674238E-4	0.4903325350179699
126	q126	0.029556600158857835	9.666040061855454E-5	0.011493014968939227	5.686116547081624E-4	0.005340978442872994	3.476352860987741E-4	0.19963461028805313	7.400693111502278E-4	0.7509354796364803	0.0012863398522206955
127	q127	8.065592864463319E-5	1.5806698549475786E-5	0.0010873182463432371	9.298402406957602E-5	8.128696351585443E-5	0.002433188585078949	0.02314052105707047	1.2102218108150833E-4	0.9719447500377976	0.0010024662778488746
128	q128	8.384320634423423E-4	1.6431331340117052E-4	0.21715670677463833	9.665847071368945E-4	8.449917779986423E-4	5.909462959859564E-4	0.0017591777505908419	0.0012580461066108314	2.2367545319797622E-4	0.776197125756997
129	q129	0.07484123238739085	0.12112217246359085	0.03312021099128426	0.17172930636957578	0.5815513654284857	0.0017316210286317418	0.005154832523218962	0.003686390976630093	6.554252407998089E-4	0.006407442590392029
130	q130	0.41915139876635354	1.9866610695819145E-4	0.0037102740121494936	0.0011686674490178134	0.05079994807093132	7.144947516106551E-4	0.24106278224813263	0.0015210643447015008	2.704390203638516E-4	0.28140226522978107
131	q131	6.191946632267467E-4	0.10349913482375873	0.0022662837384592673	0.8459792719966546	6.240391108840507E-4	4.3642270934367815E-4	0.001299179173039808	9.290859322678834E-4	1.651876794243511E-4	0.04418220017294077
132	q132	0.0018701989991978909	3.6651579499009815E-4	0.11704720022256633	0.0021560551304604537	0.0018848310393274723	0.2951906326389904	0.022291035597621318	0.002806186299541702	0.44130763818969876	0.1150797060876056
133	q133	0.0019051917117082	0.07521613098734084	0.4934510211719022	0.002196396408243694	0.0019200975273953094	0.0013428231508163559	0.415632592743263	0.002858691979671114	5.082637438694102E-4	0.004968790575789973
134	q134	1.3677793822209803E-4	2.680531579050122E-5	0.015276714892024493	1.5768416920554303E-4	1.3784805978764563E-4	0.04173814267426538	0.3723760661720391	2.0523183708419862E-4	0.5574984714853203	0.012446257456260738
135	q135	5.642909891825623E-4	0.5265856757154183	0.0020653335186696007	0.18907320469767067	5.68705882144232E-4	0.19990407436125562	0.017809510706209605	8.467043579202483E-4	1.5054057239024442E-4	0.06243195919913893
136	q136	0.002648528669557869	0.07855182301262065	0.009693748688631914	0.0030533509153950803	0.002669250195873485	0.0018667442185618035	0.29167724454102395	0.4201488374036347	7.065698895613962E-4	0.18898390246513927
137	q137	0.7321993736883832	0.10771209870036484	0.06721398409206523	8.418152520280224E-4	7.359178779732035E-4	0.029199730739007557	0.008703364531114616	0.0010956539995717936	0.028879868242941472	0.023418192876549934
138	q138	0.0010137220809754964	0.33869107104274043	0.10326686369914426	0.031035644355116247	0.19017917363272402	7.144947516106551E-4	0.031993943905443606	0.10107765403169627	2.704390203638516E-4	0.20175699348018525
139	q139	0.0016049032500973998	3.145239575274735E-4	0.10044355286927462	0.0018502094631369312	0.0016174596725794955	0.0011311729028670458	0.0033673689408186976	0.0024081167375476333	4.2815330836775333E-4	0.8868345388977831
140	q140	0.0014055236869738332	2.754501695966951E-4	0.005144287677172148	0.001620355137385555	0.4983425825377719	9.906455787575329E-4	0.0029490355937739124	0.47142801161437986	0.014178464905403806	0.0036656430987847973
141	q141	0.03140639359328208	0.6526498426848608	0.0022941858390417157	7.226259578958682E-4	6.317221744580346E-4	0.17280741873042907	0.0013151744464231063	9.405246805110759E-4	1.672214420852494E-4	0.13706489045101297
142	q142	0.34685652045310983	0.21475213660411577	0.0025800748277862097	8.126756830871213E-4	0.06994076230400756	0.318956314441918	0.043017255352811624	0.001057727761981086	1.8805967068930918E-4	0.0018384729004933531
143	q143	5.10534273859799E-4	0.5265599652253616	0.19239693044014672	5.885684041663042E-4	5.14528585687496E-4	3.5983635558097356E-4	0.001071190588538331	0.12109973800681408	1.361994490165907E-4	0.1567625086708281
144	q144	0.0015097208594616566	2.9587040804537044E-4	0.15379376768409397	0.0017404786367662072	0.0015215325951163027	0.2234662557941658	0.0031676595652409345	0.0022652979676337334	4.027607151092051E-4	0.6118366557743669
145	q145	0.13472727240526827	6.554390266349965E-4	0.012240932408184567	0.0038556665098664253	0.0033706373331648712	0.0023572603888093254	0.007017287453208829	0.8261608033973299	8.922321526575634E-4	0.008722468924875286
146	q146	8.975570467627036E-4	0.3527684711385885	0.0032851041202739705	0.3536273175189466	9.045793426426893E-4	6.326189507147694E-4	0.001883232351668711	0.1952726755307274	2.3944871380684137E-4	0.09048899528586783
147	q147	0.14215210312477083	0.06076278546264498	0.11029430036251622	7.907773753152987E-4	0.6810762100678491	4.834619846989664E-4	0.0014392095737226238	0.0010292262963254686	1.8299222664745193E-4	0.0017889335255089503
148	q148	0.0011134920005743333	2.1821870612734359E-4	0.05875288174212304	0.0012836869988672986	0.001122203725713401	7.84814896806061E-4	0.024207279730780157	0.0672837003285031	0.3721036800086213	0.473130041861884
149	q149	0.571248115748046	3.6651579499009815E-4	0.06194611150493586	0.0021560551304604537	0.0018848310393274723	0.0013181594782946159	0.003924006025077831	0.24157757074260702	4.98928448655109E-4	0.1150797060876056
150	q150	0.0014251963877801941	0.09825624250316858	0.07519981714045626	0.001643034770687551	0.0014363468219037703	0.0010045113529573268	0.002990312375831235	0.7299671455375548	3.8021142300311814E-4	0.0876971816866572
151	q151	0.397451893657324	1.8401053767988756E-4	0.067985188018375	0.1762858531727545	0.019388748983182616	6.617865796353612E-4	0.029633755403380327	0.00140885565333563	2.5048877389663134E-4	0.30674941922043614
152	q152	0.673349365542923	1.656775276724982E-4	0.0280017361962257	9.746097942380462E-4	0.28313762537449827	5.958526383503392E-4	0.0017737833558426743	0.00957100923483514	2.255325227140255E-4	0.002204807812700316
153	q153	7.927393012220456E-4	0.38942586389507633	0.0029014658780080384	9.13907898705154E-4	7.989415253023452E-4	5.587409811312386E-4	0.19629855896262025	0.39824540068604203	2.114856172612032E-4	0.009852895254631235
154	q154	0.001712895030773493	0.31995679783450315	0.03991360968521579	0.001974707568886165	0.018548460041348056	0.0012072880057716878	0.020416118350152338	0.5745237209059809	4.5696316850741474E-4	0.021289439408861032
155	q155	4.21725620571085E-4	0.053925052587031605	0.24176349386314822	4.861855279940158E-4	0.0169919186843084	2.97241964215506E-4	8.848544335444381E-4	0.6674502548996382	1.1250723036419529E-4	0.017666765189184395
156	q156	0.24460510862169946	2.112871221540537E-4	0.04629850249665657	0.0012429114650646341	0.09637972605003416	7.59885730754066E-4	0.0340264800958827	0.0016176957052405276	2.876196811108031E-4	0.5745707830314031
157	q157	0.8419512474275342	3.0491215811392626E-4	0.0820940985551847	0.01707358354942629	0.0015680303761451276	0.0010966044485913543	0.018544378887814898	0.002334525093757853	4.150690150419642E-4	0.034617550488389666
158	q158	7.746464796284716E-4	0.5935541592180481	0.025658412406675535	0.016108494405580667	0.038819319098374584	5.459887423144646E-4	0.27550335042423485	0.008770059841096599	2.0665884566451901E-4	0.040058910538382085
159	q159	6.081009923710472E-4	0.6809381755105501	0.008197776849581475	0.1679197501861286	6.128586455015577E-4	0.02431698966059088	0.0012759027028370834	0.11438227378730588	1.622281291346234E-4	0.0015859435359986322
160	q160	9.748990318167645E-4	0.4884845318675971	0.003568179691556779	0.0011239103753830275	0.15417263598205447	6.87131369293143E-4	0.002045509422436997	0.0014628113413032563	2.600818745750159E-4	0.34722030904398354
161	q161	0.004001657043831637	0.3544829454866168	0.44694469407055926	0.004613302222595982	0.004032965159425367	0.00282046036997849	0.008396179421026925	0.16320381326035496	0.0010675551327880102	0.010436427832822498
162	q162	0.004001657043831637	7.842323267880681E-4	0.01464626687521308	0.16181273029363097	0.004032965159425367	0.00282046036997849	0.04769603643878567	0.7527016685267361	0.0010675551327880102	0.010436427832822498
163	q163	1.7725567570063409E-4	3.473801714351714E-5	6.487647249680045E-4	0.08376320620208416	1.7864248649518595E-4	0.06801650549800166	0.17619367589637372	0.012451634356086044	0.6528508610492637	0.005684716093883321
164	q164	0.001579999942510768	0.06237770293957836	0.1764700430851534	0.0018214997353963962	0.6377899709402908	0.0011136204761197938	0.06538317688188715	0.017887764818081187	4.2150964711784984E-4	0.03515471153386441
165	q165	0.0016306041605015373	0.01633355435990815	0.07002406804840111	0.3221597110603152	0.0016433616614531226	0.0011492874985141103	0.003421293965545518	0.46685249521784744	4.3500975271536544E-4	0.11635061427479848
166	q166	0.36807002825549257	7.270837518154987E-4	0.34150294612716026	0.0042771216815324226	0.0037390749385017587	0.002614927793208755	0.007784333067930376	0.0055668336558842	9.897602594328672E-4	0.26472789046904127
167	q167	2.462809080761532E-4	0.6047230518114708	0.0129948962902989	0.005121322737887813	2.482077576422505E-4	1.735844760064678E-4	5.167406075861162E-4	0.3414061178280891	6.570239394444502E-5	0.03450409518899803
168	q168	0.0012202436919180207	0.49157847371483454	0.0044661535381137875	0.037358414066011786	0.0012297906196383707	8.600559560885302E-4	0.014544171815931607	0.40928307555204657	3.2553449790688325E-4	0.039134086547509966
169	q169	0.0025813844736947253	0.051208907798869364	0.9221022870171922	0.0029759438651114144	0.0026015806780693286	0.0018194194374944236	0.005416198079543861	0.0038733021176027877	6.886572773246444E-4	0.006732319255097306
170	q170	0.003344470902491737	6.554390266349965E-4	0.04508663278387869	0.0038556665098664253	0.8245131467255181	0.03520296076450345	0.007017287453208829	0.005018294004976692	8.922321526575634E-4	0.07441386967626355
171	q171	0.1139562819322149	0.5579117264949696	0.01422571211607576	0.021411578037776418	0.002630098804622395	0.00259150623533392	0.005270709041009118	0.2816362293949053	3.397899603364288E-5	3.321789470589285E-4
172	q172	0.1949027073002516	0.518111661229776	0.00888780134535189	0.02018439882881154	6.644442748252374E-4	4.6468012271911094E-4	0.0013832981754550307	0.1240100755978893	1.7588321941823016E-4	0.13121504990550198
173	q173	4.640047673585149E-4	0.797555869933649	0.006255223371887031	0.005091869446610053	4.67635042200507E-4	0.004883983773844392	0.09666935579673293	6.962274183880698E-4	1.2378638789029874E-4	0.08779204406143923
174	q174	0.0027192591121913464	5.329119605541086E-4	0.009952625680754144	0.2701904974106402	0.0027405340184817354	0.0019165966692375226	0.005705483290581942	0.6984247526495551	7.25439234497922E-4	0.007091899973506072
175	q175	2.856642535852727E-4	0.8220612953980998	0.05434964431264811	3.293274564876999E-4	2.8789923008982614E-4	0.04228352596631608	0.05390347250234894	4.2863198783851797E-4	0.02532551893352779	7.450199590580503E-4
176	q176	0.0016571416157599964	0.2932678351009484	0.34783214123970335	0.2623042755845004	0.034219337143537164	0.0011679917103085556	0.003476974208326681	0.05131034468918636	4.4208936904979615E-4	0.004321869338679319
177	q177	9.565816753618385E-4	0.07534337988259243	0.12562949420117978	0.0011027932480730171	0.7807066525077196	6.742208731166841E-4	0.0020070763909128355	0.0014353266112025127	2.5519520195705465E-4	0.0118892794078843
178	q178	0.0015558576758290586	0.2295036548176699	0.15849367944170334	0.0017936673721225583	0.35300610245413094	0.0010966044485913543	0.23246320537006715	0.017614441271061584	4.150690150419642E-4	0.004057718133782202
179	q179	1.788120644282321E-4	0.7024729069589728	0.004166650505940951	0.2460593955004734	1.8021105207793642E-4	1.2603087567718312E-4	0.0302287883386714	2.683029803814895E-4	4.770317273416273E-5	0.016271198550642414
180	q180	0.01586604641593029	0.25948383816356385	0.005366517894309818	0.6928809900852994	0.0014777130499931171	0.0010334408880188488	0.0030764322056040182	0.002200058269957326	3.9116136364856466E-4	0.01822380166367489
181	q181	0.0012350443225294706	0.07301749005431626	0.004520324593624627	0.0014238183471800476	0.001244707047243158	8.704877826126527E-4	0.1360129980928495	0.7174784101346688	3.2948298449748405E-4	0.06386723664047794
182	q182	4.98048438746228E-4	0.2935745164207737	0.006714164279200441	0.3967680032198315	5.019450640493834E-4	3.510360504228401E-4	0.010827556794291869	0.27465909215770357	1.3286849955824472E-4	0.015972769075422142
183	q183	0.0016306041605015373	3.195607421759423E-4	0.03799608081293669	0.0819498067943321	0.0016433616614531226	0.0011492874985141103	0.5478970769684406	0.002446680303613475	0.2566589076364307	0.06830863342160186
184	q184	0.0018701989991978909	0.4411752255360338	0.17214828894019676	0.0021560551304604537	0.0018848310393274723	0.0013181594782946159	0.003924006025077831	0.33341271860532445	4.98928448655109E-4	0.04161158779743164
185	q185	0.09559076780930674	0.7184521852716541	0.1803117364529332	6.968861268977852E-4	6.092203229391131E-4	4.260591672654305E-4	0.0012683281248731598	9.070233288624687E-4	1.6126503875998956E-4	0.0015765283565079935
